161689
161503
161246
233778
161273
161102
161696
161386
161308
161298
161638
161451
161276
161567
161509
161267
161481
161209
161276
161335
161347
161212
161233
161145
161237
161237
161344
161243
161105
161473
161649
161512
161435
161609
161536
161365
161166
161277
161426
161380
161435
161329
161451
161435
161276
161246
161509
161108
161558
161172
161090
161268
161635
161332
161298
161503
161282
161469
161374
161594
161225
161408
161429
161154
161316
161185
161448
161469
161418
161708
161265
161328
161472
161206
161200
161597
190619
161139
161401
161494
161200
161524
161751
161246
161503
161485
161478
161729
161751
161601
161274
161487
161182
161163
161445
161457
161579
161252
166229
161267
161338
161353
161344
161197
161142
161366
161304
161274
161326
161243
161264
161411
161540
161194
161497
161228
161179
161255
161377
161197
161179
161527
161328
161170
161319
161310
161246
161277
161448
161396
165549
161252
161371
161444
161308
161411
161702
161528
161365
161396
161393
161390
161448
161518
161530
161604
161182
161408
161668
161384
161277
161295
161378
161549
161515
161301
161291
161518
161313
161417
161298
161381
161503
161631
161503
161463
161392
161387
161378
161622
161356
161570
161356
161237
161206
161258
161460
161684
161227
161494
161555
161224
161319
161481
161041
161267
161387
161405
161411
161414
161442
161433
161240
161610
161274
161521
161423
161894
161392
161424
161512
161313
161288
161564
161463
161653
161548
161396
161506
161543
161374
161216
161316
161365
161386
161350
161417
161451
161472
161515
161347
192369
225336
161665
161466
161191
161892
161445
161472
161365
161555
161454
161056
161255
161233
161408
161322
161184
161543
161579
161338
161381
161411
161613
161087
161289
161084
161659
161267
161246
161414
161558
161536
161335
161271
161191
161362
161191
161172
161466
161399
161380
161430
161277
161442
161365
161243
161286
161414
161387
161485
161567
161386
161536
161426
161502
161329
161243
161433
161341
161531
161120
161521
161757
161188
161258
161356
161395
164978
161262
161399
161356
161304
161332
161298
161227
161050
161203
161267
161154
161206
161378
161414
161475
161313
161301
161301
161237
161350
161215
161353
161142
161564
161218
161531
161256
161270
161741
161616
161365
165507
161210
161398
161334
161378
161372
161197
161240
161335
161212
161237
161359
161417
161469
161564
161338
161304
161600
161579
161435
161472
161310
161294
161548
161401
161304
161323
161258
161314
161313
161573
161243
164531
161546
161402
161335
161197
161548
161087
161537
161368
161478
161230
161320
161173
161340
161444
161319
161215
161460
161133
161424
161323
161603
161133
161533
161255
161356
161423
161594
161310
161322
161441
161466
161294
161402
161454
161242
161616
161228
161316
161291
161311
161420
161261
161334
161197
161117
161222
161243
161417
161399
161447
161310
161393
161405
161552
161246
161567
161334
161316
161384
161401
161261
161200
161325
161867
161506
161216
161209
161301
161200
161481
161194
161246
161335
161555
161451
161426
161323
161170
161490
161411
161053
161546
161487
161396
161427
161650
161894
161369
161343
161350
161274
161390
161570
161436
161616
161234
161607
161451
161545
161228
161328
161445
161301
161683
161423
161334
161552
161530
161588
161512
161750
161215
161288
161316
161518
161433
161769
161362
161371
161289
161240
161649
161393
161570
161390
161065
164843
161225
161341
161273
161524
161392
161387
161276
161390
161662
161164
161469
161629
161280
161286
161341
161470
161331
161408
161084
161518
161350
161295
161319
161677
161598
161380
161389
161430
161350
161530
161068
165247
161527
161369
161264
161258
161423
161267
161515
161396
161390
161363
161423
161356
161497
161316
161252
161411
161371
161640
161485
161340
161399
161429
161390
161509
161448
161227
161176
161512
161175
161417
161552
164415
161430
161222
161505
161300
161475
161402
161065
161487
161326
161325
161527
161108
161439
161163
161362
161383
161313
161408
161454
161230
161338
161335
161451
161258
161353
161233
161317
161237
161173
161314
161279
161411
161252
161466
161473
161561
161723
161252
161435
161353
161334
161313
161540
161414
161518
161432
161316
161374
161267
161227
161435
161567
161500
161592
161289
161164
161448
161393
161308
161161
161536
161240
161316
161310
161528
161399
161243
161362
161356
161426
161518
161381
161448
161570
161283
161644
161638
161231
161579
161378
161264
161381
161567
161335
161243
161378
161589
161378
161369
161289
161350
161800
161430
161191
161007
161188
161273
161585
161340
161493
161475
161356
161430
161561
161372
161258
161173
161289
161463
161184
161478
161289
161334
161240
161206
161069
161329
161393
161169
161124
161258
161366
161427
161313
161320
161441
164390
161184
161445
161279
161423
161476
196679
161564
161417
161276
161552
161418
161554
161582
161423
161472
161564
161280
161221
161301
161628
161457
161558
161607
161157
161490
161280
161429
161362
161298
161325
161414
161286
161304
161380
161270
161288
161310
161237
161637
161178
161207
161221
161389
161650
161139
161561
161359
161567
161148
161524
161622
161460
161484
161130
161460
161386
161216
161332
161328
161527
161246
161558
161531
161301
161554
161595
161411
161268
161375
161500
161289
161218
161304
161402
161632
161264
161493
161337
161429
161464
161374
161230
161203
161380
161294
161203
161392
161344
161668
161353
161439
161561
161402
161252
161585
161524
161582
161335
161398
161369
161429
161224
161356
161304
161316
161414
161607
161249
161420
161426
161316
161331
161353
161390
161215
161326
161595
161441
161353
161341
161377
161708
161087
161225
161418
161885
165232
161323
161577
161576
161292
161181
161274
221707
161435
161656
161479
161126
161414
161265
161280
161421
161460
161307
161383
161307
161197
161539
161286
161057
161191
161433
161334
161236
161344
161279
161304
161228
164504
161310
161313
161378
161488
161343
161359
161607
161540
161384
161286
161698
161392
161411
161481
161396
161490
161276
161265
161377
161118
161010
161093
161396
161072
161212
161255
161310
161332
161362
161283
161108
161512
161196
161212
161317
161258
161209
161537
161295
161203
161133
161528
161093
161383
161475
161470
161215
161341
161332
161282
161558
161386
161576
161246
161155
161129
161539
161332
161414
161537
161328
161509
161170
161322
161304
161500
161399
161472
161338
161381
161714
161320
161411
161408
161420
161325
161323
161445
161515
161019
161472
161105
161610
161383
161377
161237
161243
161243
161062
161396
161378
161515
161301
161494
161375
161335
161479
161331
161420
161607
161365
161549
161368
161319
161212
161387
161433
161395
161313
160952
161209
161356
161502
161233
161424
161258
161521
161626
161187
161084
161395
161317
161316
161491
161319
161292
164103
161279
161212
161512
161613
161402
161218
161454
161359
161164
161292
161365
161258
161243
161398
161301
161304
161258
161408
161087
161286
161341
161411
161295
161237
161481
161453
161240
161185
161429
161390
161344
165583
161090
161652
161454
161433
161271
161399
161466
161288
161378
161270
161289
161316
161626
161488
161442
161399
161307
161453
161454
161194
160970
161285
161276
161197
161341
161456
161460
161369
161478
161227
189450
191163
161176
161451
161484
161243
161368
161078
161414
161175
161234
161307
161371
161356
161546
161074
161258
161512
161078
161441
161313
161216
161265
161322
161372
161237
161539
161531
161298
161536
161448
161613
164785
161359
161148
161402
161194
161359
161365
161518
161509
161481
161380
161524
161583
161623
161827
161393
161444
161356
161283
161512
161359
161338
161210
161378
161236
161447
161209
161316
161500
161515
161301
161234
161331
161481
161375
161377
161187
161512
161353
161341
161338
161390
161322
161512
161344
161570
161041
161335
161117
161573
161212
161496
161221
161267
161219
161417
161313
161334
161481
161472
161301
161209
161506
161582
161160
161444
161280
160962
161500
161069
161279
161577
161503
161438
161457
161487
160992
161472
161295
161445
161249
161237
161487
161512
161352
161267
161399
161632
161726
161362
161490
161506
161356
161289
161595
161307
161420
161377
161270
161295
161163
161334
161322
161494
161454
161411
161176
161316
161668
161273
161316
161473
161515
161166
161577
161283
161213
161209
161344
161475
161307
161508
161053
161362
161350
161270
161401
165792
161622
161350
161411
161481
161613
161262
161197
161408
161390
161417
161662
161350
191587
161172
161356
161353
161353
161286
161521
161298
161460
161375
161218
161307
161515
161374
161248
161347
161696
161408
161509
164546
161234
161338
161335
161472
161172
161631
161470
161442
161380
161381
161537
161359
161536
161334
161283
161341
161424
161366
161191
161319
161304
161289
161561
161509
161304
161714
161313
161631
161337
161613
161353
161277
161252
161233
161568
161163
161537
161402
161375
161421
161242
161344
161368
161329
161307
161194
161289
161487
161479
161552
161277
161405
161317
161347
161558
161430
161347
161130
161350
161457
161537
161246
161252
161536
161252
161442
161224
161375
161426
161463
161393
161420
161377
161717
161346
161246
161405
161297
161473
161454
161283
161396
161408
161540
161246
161552
161451
161591
161702
161405
161319
161283
161288
161450
161647
161249
161328
161380
161557
161338
161230
161408
161488
161591
161518
161436
161283
161392
161601
161448
161484
161258
160989
161191
161295
161558
161381
161335
161472
161307
161194
161499
161304
161154
161307
161276
164415
161194
161243
161286
161274
161509
161337
161135
161252
161307
161417
161157
161322
161337
161408
161307
161282
161259
161393
161252
161426
161530
161286
161384
161420
161356
161634
161567
161160
161524
161298
161172
165231
161558
161252
161310
161062
161236
161124
161083
161567
161289
161686
161531
161353
161612
161509
161399
161374
161625
222428
161485
161191
161396
161344
161448
161234
161292
161182
161234
161515
161448
161255
161326
161518
161482
161319
161469
161301
161350
161420
161319
161258
161423
161509
161488
161326
161334
161491
161283
161328
161200
161503
161393
161628
161439
161350
161634
161375
161365
161519
161316
161377
161175
161506
161215
161540
161457
161561
161524
161546
161484
161493
161328
161346
161515
161551
161322
161576
161417
195417
161597
161282
161216
161551
161200
161301
161381
161307
161092
161625
161295
161145
161141
161310
161442
161145
165326
161460
161225
161065
161380
161334
161383
161478
161512
161011
161172
161380
161439
161436
161509
161280
161184
161084
161347
161249
161267
161478
161362
161629
161601
161323
161818
160912
161307
161530
161160
161295
161121
161326
161506
161530
161383
161405
161285
161509
161050
161310
161521
161454
161099
161411
161359
161295
161237
161530
161066
161130
161377
161283
161295
161273
161472
161448
161252
161469
161311
161408
161343
161595
192341
161292
161356
161374
161335
161203
161273
161265
161265
161433
161488
161616
161662
161337
161665
161234
161369
161656
161273
161236
161598
161451
161485
161111
161448
161479
161274
161502
161273
161637
161209
197539
161399
161359
161503
161297
161671
161484
161307
161377
161230
161457
161447
161591
161497
161818
161350
161607
161408
161317
161479
161576
161436
161839
161423
161512
161347
161371
161390
161329
161417
161466
161610
226552
161222
161408
161301
161598
161329
161316
161493
161268
161396
161264
161240
161512
161175
161552
161466
161447
161423
161481
161292
161491
161380
161424
161166
161383
161341
161340
161289
161264
161472
161249
161423
161671
161576
161267
161435
161448
161286
161417
161539
161366
161554
161255
161390
161347
161270
161197
161399
161488
161482
161399
161206
161215
161447
161185
161078
161200
161237
161261
161350
161399
161521
161469
165776
161432
161488
161445
161490
161466
161289
161568
161393
161234
161411
161273
161646
161487
161499
161582
161594
161206
161448
161444
161343
161310
161444
161307
161405
161319
161163
161359
161368
161331
161469
161552
164045
161326
161087
161154
161387
161194
161396
161230
161451
161132
161154
161934
161304
161631
161509
161130
161338
161671
161359
161307
161482
161224
161500
161426
161105
161111
161381
161304
161772
161374
161554
161398
161233
161277
161622
161359
161252
161252
161307
161264
161402
161347
161402
161277
161230
161392
161580
161126
161188
161273
161298
161374
161417
161622
161448
161292
161353
161123
161280
161105
161487
161717
161356
161301
161408
161212
161166
161264
161426
161325
161170
161294
161334
192905
161019
161545
161387
161442
161292
161292
161316
161420
161365
161227
161463
161622
161595
161405
161346
161561
161433
161545
161210
161227
161723
164635
161341
161518
161215
161466
161261
161283
161109
161525
161145
161239
161824
161739
161519
161436
161310
161390
161375
161175
161463
161503
161433
161279
161316
161285
161160
161779
161280
161233
161656
161481
161570
164470
161717
161279
161408
161405
161451
161392
161396
161160
223236
222376
222416
161549
161665
161438
161442
161684
161084
161476
161521
161424
161435
161386
161212
161215
161139
161466
161377
161386
161356
161325
161329
161301
161259
161267
161179
161246
161561
161469
161732
161344
161653
161343
161356
161500
161539
161383
161234
161206
161158
161790
161430
161335
161527
161246
161261
161292
161377
161380
161310
161375
161188
161644
164798
161436
161280
161448
161359
161231
161203
161267
161451
161334
161310
161102
161289
161273
161402
161496
161325
161310
161200
161500
161328
161558
161277
161643
161194
161188
161512
161310
161335
161200
161261
161072
164278
161402
161279
161362
161099
161543
161506
161442
161420
161509
161433
161472
223999
161343
193539
161522
161677
161402
161454
161478
161396
161662
161683
161276
161374
161506
161200
161454
161022
161368
161515
161436
190808
161598
161509
161433
161133
161433
161555
161650
161252
161301
161197
161056
161258
161481
161606
161210
161350
161230
161313
161380
161347
161267
161460
161377
161634
161424
161512
161429
161338
161151
161442
197616
161426
161145
161320
161139
161481
161659
161231
161359
161393
161233
161356
161273
161543
161292
161484
161246
161392
161282
161390
161346
161436
161289
161368
161576
161338
161472
161075
161246
161350
161405
161677
195951
161423
161267
161268
161365
161539
161451
161500
161313
161383
161414
161536
161600
161432
161200
161062
161411
161341
161233
161427
161347
161191
161267
161506
161221
161506
161659
161142
161381
161328
161362
161301
161668
161209
161169
161267
161237
161601
161450
161408
161408
161384
161320
161604
161258
161561
161115
161056
161508
161420
161454
161261
161273
161634
161185
161291
161500
161313
161362
161454
161435
161313
161392
164399
161454
161650
161182
161424
161383
161369
161366
161243
161148
161255
161087
161298
161678
161197
161625
161396
161530
161432
161243
161270
161276
161148
161451
161154
161429
161451
161329
161102
161527
161693
161442
164192
161384
161210
161637
161375
161210
161570
161536
161344
161246
161157
161231
161353
161481
161023
161555
161448
161475
161390
161301
161365
161530
161607
161249
161417
161396
161457
161647
161249
161374
161469
161592
161347
161414
161340
161273
161197
161653
161414
161288
161643
161277
161393
161240
161536
161625
161310
161344
161426
161432
161267
161191
161564
161356
161371
161552
161157
161588
161270
161390
161466
161245
161295
161405
161399
161335
161255
161469
161371
161472
160995
161200
161139
160992
161479
161170
161515
161256
161567
161430
161595
161616
161261
161710
161502
161415
161185
161515
161506
161476
161233
161239
161083
161552
161258
161239
161365
161570
161472
161597
161285
161197
161445
161328
161445
161426
161331
161291
161362
161402
161484
161212
161500
161093
161396
161291
161473
161359
161319
161506
161408
161386
161249
161375
161023
161200
161445
165186
161304
161350
161081
161405
161408
161445
161340
161323
161246
161111
222780
161530
161316
161405
161485
161594
161329
161200
161356
161396
161405
161659
161204
161438
161246
161347
161515
161151
161197
161313
161258
164339
161335
161108
161433
161359
161289
161439
161329
161546
161227
161371
161154
161200
161169
161249
161463
161200
161613
161121
161659
161629
161506
161518
161478
161463
161408
161402
161163
161668
161374
161500
161221
161423
161142
161120
161310
161543
161166
161307
161374
161423
161176
161294
161487
161258
222899
161356
161350
161197
161396
161619
161337
161347
161297
161567
161268
161224
161530
161405
161374
161142
161044
161178
161625
161123
161519
161328
161769
161469
161420
161173
161347
161313
161549
161304
161512
161399
161533
161185
161234
161612
161154
161237
161231
161319
161316
161585
161240
161326
161353
161365
161013
161417
161268
161185
164372
161353
161414
161316
161340
161139
161163
161313
161359
161227
161249
161506
161460
161402
161582
161521
161353
161356
161634
161613
161386
161138
161393
161399
161601
161279
161591
161377
161243
161054
161692
161384
164414
161466
161457
161356
161317
161466
161457
161301
161258
161641
161353
161350
161114
161487
161307
161344
161261
161123
161197
161576
161408
161405
161350
161237
161246
161265
161365
161356
161512
161356
161515
161213
165320
161500
161491
161307
161371
161429
161054
161515
161503
161362
161696
161200
161439
161123
161457
161341
161445
161560
161310
161340
161319
161368
161206
161331
161350
161329
161592
161567
161405
161252
161283
161105
161426
161175
161500
161448
161265
161626
161579
161252
161301
161426
161521
161472
161399
161267
161328
161224
161411
161273
161332
161298
161313
161429
161561
161258
161687
161365
161246
161417
161167
161328
161478
161273
161340
161264
161502
161435
161579
161249
161347
161481
161252
161145
161469
161212
161341
161622
161135
161093
161362
161242
161527
161417
161255
161347
161277
161390
161478
161470
161543
161295
161555
161240
161341
161280
161334
161233
161478
161420
161239
161228
161484
161447
161310
161429
161313
161221
161268
161472
161216
161533
161463
161393
161570
161396
161256
161466
161237
161802
161374
161218
161136
161347
161237
161325
161167
164345
161383
161347
161408
161380
161206
161490
161365
161237
161377
161491
161356
161567
161316
161546
161319
161408
161411
161289
161320
161496
161267
161540
161157
161197
161552
161436
161356
161371
161494
161277
161314
164483
161582
161375
161181
161127
161074
161225
161289
161273
161362
161347
161432
161133
161212
161337
161365
161613
161665
161179
161454
161374
161307
161145
161393
161454
161564
161396
161077
161322
161399
161270
193926
190929
161475
222680
222173
194108
199694
161442
193553
239229
213889
171623
171669
171586
171542
171406
171681
171470
171447
171398
171568
171470
171753
171248
171476
171507
171487
171626
171421
175101
171251
171516
171707
171531
171505
171467
171903
171201
171340
171455
171597
171513
171372
171195
171554
171401
171320
171386
171615
171351
171577
171528
171132
171510
171493
171453
171126
171487
206088
180598
171346
171459
171395
171673
171577
171178
170976
171389
171485
171565
171143
171430
171424
171386
171710
171389
171409
171580
171351
171490
171681
171201
171407
171774
171438
171475
171207
171415
171490
171179
171592
171530
171626
171843
171308
171387
171291
171441
171577
171126
171375
171213
171542
171525
171412
171559
171563
171239
171297
171357
171560
171481
171542
171418
171458
171782
171265
171158
171354
171485
171771
171418
171337
171271
171660
171343
171279
171464
171294
171294
171441
171334
171276
171508
171712
171629
171609
171459
171412
171551
171149
171554
205700
177225
177133
176967
177085
202798
171519
171415
171663
171562
171331
171635
171398
171427
171277
171713
171233
171502
171577
171190
171325
171449
171380
171259
171181
171435
171618
171514
171704
171461
171487
171605
171588
171358
171600
171435
175607
171386
171467
171432
171366
171525
171484
171320
171485
171496
171343
171545
171672
171733
171031
171366
171450
171646
171358
171432
171542
171320
171227
171530
171493
171467
171340
171534
171710
171421
174674
171588
171470
171409
171369
171597
171759
171626
171629
171499
171600
171707
171701
171230
171421
171559
171138
171525
171340
171219
171386
171600
171499
171534
171392
171973
171582
171398
171568
171213
174382
171764
171412
171193
171514
171597
171299
171441
171536
171756
171320
171603
171325
171314
171658
171256
171571
171502
171259
171294
171635
171511
171675
171242
171444
171537
171372
171337
171753
171222
175468
171603
171777
171574
171456
171530
171247
171265
171363
171548
171317
171493
171135
171401
171279
171632
171395
171548
171727
171571
171294
171435
177032
176829
176823
176969
176714
176889
177204
171351
171542
171683
171510
171363
171273
171519
203879
176954
176800
177314
204964
171496
171435
171340
171487
171343
171701
171580
171441
171499
171438
171470
171554
171343
171464
171675
171450
171351
171802
171592
171485
171213
171383
171164
171294
171753
171415
171369
171467
171658
171513
171175
171603
171415
171372
171452
171765
171684
171724
171511
171571
171476
171484
171270
171699
171216
171149
171274
171539
171308
171493
171225
171566
171533
171354
171348
171297
171580
171377
171935
171707
171689
170909
171658
171476
171372
171140
171343
171340
171718
171372
171533
171476
171438
171542
171589
171288
171377
171594
171432
171452
171941
171548
171328
171381
171513
171354
171424
171438
171271
171479
171502
171308
171262
171375
171484
171476
171458
171459
171461
171487
171415
171351
171268
171565
171543
171386
171579
171620
174558
171337
171386
171470
171641
171274
171553
171216
171456
171311
171372
171583
171259
171620
171325
171340
171528
171560
171424
171664
171314
171438
171172
171481
171698
171687
203600
176943
177020
199515
175797
171363
171548
171213
171744
171499
171415
171585
171337
171406
171568
171496
171568
171429
171496
171487
171386
171363
171403
171296
171302
171276
171681
171265
171462
171270
171742
171349
171574
171320
174480
171444
171184
171187
171609
171181
171649
171141
171383
171438
171560
171386
171473
171583
171187
171427
171389
171845
171288
171545
171418
171404
171562
171207
171565
171525
171600
171609
171273
171548
174648
171571
171502
171675
171510
171155
171533
171470
171510
171409
171259
171811
171514
171051
171782
171820
171395
171435
171166
171409
171713
171314
171455
171438
171337
171444
171369
171334
171421
171360
175766
171351
171441
171277
171869
171254
171357
171305
171695
171510
171227
171525
171470
171626
177043
177026
176981
177103
177088
176945
176993
171545
171433
171569
171331
171444
171167
171620
171406
171450
171548
171493
171395
171857
171444
171814
171701
171320
171470
171311
171504
171476
171470
171473
171499
171357
171392
171375
171412
171765
171392
171479
171568
171617
171690
171594
171361
171329
205789
174749
171436
171620
171129
171395
171430
171479
171638
171117
171542
171661
171337
171487
171467
171360
171562
171585
171701
171340
171467
171366
171299
171805
171395
171539
171542
171441
171277
171424
171519
175367
171311
171534
171525
171528
171282
171545
171516
171551
171649
171536
171629
171441
171519
171470
171828
171175
171533
171308
171715
171305
171597
171398
171369
171421
171279
171355
171620
171724
171421
177329
171554
171103
171418
171574
171357
171545
171507
171465
171606
171323
171251
171837
171490
171366
171502
171481
171305
171556
171181
171250
171045
171354
171314
171372
171230
171577
171305
171239
171311
174570
171519
171536
171712
171467
171525
171285
171866
171615
171504
171426
171710
171511
171485
171553
171461
171436
171300
171580
171542
171291
171516
171456
171404
171664
171314
171381
171724
171184
171424
175584
171473
171340
171646
171493
171513
171299
171400
171475
171554
171617
171363
171551
171386
171519
171285
171381
171522
171551
171233
171392
171623
177121
176865
177002
176993
177023
177147
177219
171673
171293
171398
171583
171299
171424
171175
171580
171335
171383
171537
171693
171340
171560
171467
171588
171649
171210
171588
191385
222134
223077
222107
222486
161616
161433
192391
161121
161494
161298
161665
161166
161444
161527
161625
161173
161337
161341
161209
161390
161216
161194
161249
161081
161525
161392
161601
161564
161341
161518
161307
161497
161451
161200
161081
161741
161273
161430
161080
161371
161438
161365
165516
161460
161228
161310
161456
161356
161187
161240
161396
161472
161408
161592
161408
161402
161102
161109
161494
161301
161154
161478
161209
161365
161466
161369
161344
161221
161331
161164
161349
161389
161417
161435
164528
161130
161139
161258
161331
161420
161543
161579
161460
161433
161552
161138
161338
161148
161366
161304
161258
161390
161264
161285
161169
161230
161274
161625
161334
161448
161484
161270
161631
161261
161307
161234
164320
161460
161044
161363
161264
161475
161472
161570
161543
161151
161151
161261
161668
161259
161591
161331
160965
161332
161414
161096
161304
161356
161399
161249
161344
161194
161313
161129
161240
161521
161286
161273
161314
161322
161236
161371
161295
160934
161448
161338
161469
161625
161594
161273
161585
161142
161485
161307
161476
161328
161007
161246
161427
161441
161439
161634
161274
161404
161597
161206
161197
161530
161399
161136
161747
161687
161340
161270
161472
161072
161378
161595
161512
161427
161606
161457
161371
161603
161393
161528
161463
161261
161512
161249
161439
161197
161374
161472
161402
161481
161190
161283
161289
161451
161108
161393
161279
161414
161227
161335
161570
161399
161659
161325
161418
161589
161335
161200
161601
161405
161160
161365
161375
161680
161340
161518
161233
161375
161543
161273
161328
161352
161390
161344
161390
161289
161114
165054
161243
161136
161350
161155
161262
161594
161277
161203
161148
161561
161362
161347
161276
161289
161323
161444
161518
161108
161338
161521
161420
161295
161525
161074
161160
161356
161243
161154
161224
161536
161389
164311
161674
161273
161625
161295
161408
161319
161335
161482
161320
161288
161680
161359
161365
161601
161512
161276
161267
161167
161530
161304
161439
161328
161047
161249
161344
161395
161427
161414
161460
161249
161488
164681
161475
161375
161473
161243
161460
161405
161328
161161
161405
161381
161469
161481
161132
161295
161408
161384
161320
161261
161317
161445
161237
161426
161286
161123
161414
161328
161359
161411
161690
161527
161552
165424
161151
161500
161347
161552
161365
161549
161274
161433
161393
161435
161344
161411
161307
161291
161246
161225
161405
161255
161157
161255
161524
161708
161377
161283
161154
161597
161475
161172
161307
161264
161475
161359
161356
161395
161478
161380
161325
161619
161454
161472
161479
161279
161475
161249
161570
161227
161249
161509
161344
161222
161537
161332
161218
161127
161126
161399
161350
161206
161197
161597
161494
161157
161426
161279
161451
161368
161307
161644
161313
161488
161463
161115
161414
161273
161096
161408
161418
161298
161411
161463
161233
161408
161747
161191
161362
161399
161170
161415
161279
161240
161331
161239
161561
161438
167792
161338
161381
161145
161533
161310
161704
161574
161424
161756
161141
161366
161512
161577
161821
161130
161424
161426
161415
161243
161378
161411
161115
161555
161466
161552
161239
161329
161821
161655
161427
161310
164812
161203
161582
161512
161457
161276
161368
161145
161408
161377
161552
161304
161515
161179
161509
161276
161099
161200
161399
161628
161476
161338
161181
161432
161328
161445
161393
161203
161552
161570
161402
161497
164130
161255
161096
161151
161506
161310
161705
161472
161396
161466
161322
161396
161381
161402
161490
161460
161261
161344
161353
161347
161438
161420
161288
161469
161175
161595
161090
161317
161268
161130
161512
161399
161497
161619
161515
161237
161231
161313
161329
161592
161634
161288
161380
161408
161160
161282
161277
161329
161374
161349
161435
161457
161258
161625
161301
161585
161307
161142
161450
161233
161356
161127
161417
161775
161225
161185
161249
161252
161531
161371
161695
161438
161628
161277
161267
161595
161194
161473
161405
161240
161329
161497
161396
161739
161221
161368
161365
161200
161408
161206
161325
161365
161102
161252
161356
164235
161457
161420
161460
161571
161221
161304
161203
161439
161573
161243
161310
161071
161389
161671
161557
161552
161279
161399
161476
161625
161124
161301
161469
161613
161534
161411
161216
161322
161408
193991
161102
161158
161543
161392
161307
161295
161588
161418
161469
161680
161264
161429
161255
161487
161307
161273
161301
161359
161203
161408
161277
161304
161142
161567
161451
161518
161185
161414
161102
161793
161353
161087
161476
161534
161610
161436
161077
161497
161570
161298
161453
161809
161359
161115
161261
161518
161466
161231
161325
161212
161475
161564
161417
161142
161475
161439
161325
161334
161224
161509
161365
161555
161273
161114
161521
161044
161383
161393
161436
161203
161228
161567
161273
161283
161384
161671
161197
161699
161493
161289
161684
161555
161332
161096
161236
161429
161436
161579
161313
161291
161353
161322
161494
161194
161524
161282
164999
161463
161346
161662
161331
161212
161426
161216
161268
161555
161268
161490
161225
160980
161493
161543
161470
161463
161369
161065
161145
161420
161338
161524
161270
161362
161436
161417
161246
161445
161433
161298
164717
161470
161334
161274
161297
161521
161429
161298
161418
161328
161408
161359
161191
161145
161280
161448
161261
161405
161414
161249
161264
161393
161216
161463
161148
161366
161353
161285
161424
161472
161490
161384
164121
161699
161320
160989
161313
161396
161276
161246
161276
161194
161255
161442
161594
161347
161304
161445
161243
161396
221688
161469
161430
161441
161488
161577
161396
161555
161319
161518
161258
161213
161347
161291
161490
161380
161478
161684
161573
161234
161316
161543
161408
161420
161469
161133
161363
161402
161295
161628
161139
161372
161218
161429
161429
161488
161537
161515
161020
161246
161325
161227
161096
161583
161405
164764
161371
161597
161184
161435
161234
161454
161365
161325
161494
161628
161393
161353
161347
161320
161231
161594
161396
161424
161445
161420
161494
161175
161377
161408
161231
161445
161457
161086
161283
161451
161488
164534
161574
161304
161328
161549
161224
161298
161389
161209
161225
161377
161600
161457
161408
161274
161601
161515
161292
161616
161347
161151
161362
161393
161695
161662
161405
161454
161733
161429
161038
161454
161555
168874
161469
161389
161451
161304
161540
161280
161252
161607
161203
161335
161298
161432
161233
161277
161460
161470
161372
161408
161655
161463
161735
161542
161280
161115
161374
161325
161423
161414
161411
161255
161638
161347
161344
161353
161494
161325
161430
161558
161270
161359
161591
161506
161038
161283
161460
161200
161402
161219
161493
161283
161433
161441
161276
161228
161524
161157
161326
161383
161249
161075
161161
161525
161200
161509
161414
161420
161530
161338
161693
161347
161209
161484
161534
161359
161497
161209
161524
161117
161236
161588
161270
161537
161613
161322
161280
161589
161524
161384
161445
161142
161564
161366
161230
161084
161267
161243
161552
161264
161384
161277
161136
161062
161432
161337
161488
161338
161255
161013
161365
161109
161329
161286
161399
161405
161592
161164
161546
161365
161337
161644
161264
161408
161793
161135
161212
161286
164212
161414
161537
161277
161117
161252
161693
161603
161484
161411
161362
161233
161561
161316
161393
161442
161502
161534
161106
161320
161383
161347
161176
161430
161273
161258
161148
161173
161430
161540
161228
161224
164262
161127
161228
161187
161349
161301
161103
161469
161282
161328
161282
161524
161301
161445
161782
161170
161105
161353
161619
161331
161509
161234
161334
161481
161246
161001
161307
161414
161579
161457
161236
161460
165507
161601
161280
161372
161597
161478
161322
161227
161224
161552
161219
161084
161515
161301
161191
161326
161402
161261
161387
161197
161408
161567
161304
161551
161258
161194
161613
161628
161190
161090
161093
161311
164458
161304
161139
161395
161649
161549
161803
161570
161754
161545
161282
161398
161350
161525
161258
161598
161405
161647
161393
161292
161313
161460
161396
161212
161398
161500
161496
161215
161276
161585
161417
161255
161331
161209
161222
161319
161448
161356
161130
161218
161503
161386
161316
161402
161626
161365
161421
161479
161096
161335
161371
161628
161848
161283
161301
161454
161390
161515
161218
161558
161632
161414
161402
161485
190872
161325
161228
161360
161414
161640
161463
161337
161555
161286
161127
161374
161560
161487
161763
161252
161261
161353
161463
161092
161262
161224
161380
161460
161411
161380
161533
161185
161579
161295
161231
164580
161460
161231
161356
161130
161476
161157
161347
161130
161515
161138
161298
161295
161408
161332
161249
161485
161378
161463
161203
161472
161289
161194
161300
161328
161643
161521
161439
161444
161417
161319
161420
164342
161610
161732
161496
161243
161289
161558
161754
161564
161264
161521
161307
161329
161536
161451
161365
161197
161487
161522
161326
161292
161206
161316
161359
161350
161252
161430
161356
161347
161573
161417
161313
165565
161573
161160
161304
161469
161328
161356
161294
161414
161282
161567
161454
161509
161120
161579
161414
161371
161634
161289
161392
161485
161445
161429
161390
161337
161549
161289
161386
161503
161194
161341
161175
161311
161258
161350
161426
161265
161332
161277
161316
161534
161497
161166
161772
161326
161231
161298
161347
161475
161426
161638
161148
161222
161451
161371
161454
161430
161169
161288
161619
161139
161285
161368
161175
161466
161261
161167
161286
161350
161289
161353
161323
161255
161243
161383
161402
161420
161515
161316
161821
161291
161276
161469
161337
161531
161334
161499
161555
161399
161144
161139
161139
161478
161499
161224
161426
161444
161344
161402
161414
161023
161591
161099
161522
161478
161322
161203
161494
161399
161381
161332
161494
161380
161454
161384
161693
161080
161142
161320
161304
161420
161356
161347
161313
161641
161781
161334
164388
161485
161234
161374
161717
161335
161490
161665
161374
161313
161467
161135
161310
161317
161280
161249
161328
161179
161288
161298
161643
161292
161472
161313
161206
161515
161245
161677
161531
161423
161325
161543
164283
161111
161499
161316
161273
161595
161491
161258
161310
161417
161524
161381
161493
161261
161375
161442
161472
161200
161206
161227
161433
161185
161555
161335
161594
161337
161344
161402
161381
161655
161540
161313
165290
161331
161206
161280
161310
161378
161215
161487
161123
161481
161473
161347
161637
161185
161412
189039
161233
161126
161340
161148
161421
161236
161243
161319
161432
161402
161401
161264
161325
161607
161454
161368
161542
161243
161337
161264
161331
161228
161271
161151
161271
161280
161145
161139
161227
161515
161408
161429
161405
161759
161203
161450
161188
161245
161491
161472
161484
161430
161411
161598
161329
161485
161632
161519
161341
161249
161346
161375
161453
161380
161246
161555
161466
161377
161274
161457
161239
161754
161564
161512
161479
161319
161533
161748
161488
161570
192360
161454
161647
161475
161356
161638
161262
161350
161830
161606
161411
161518
161206
161154
161699
161445
161288
161313
161166
161240
161233
161469
161567
161472
161619
161307
161512
161191
161393
161641
161261
161286
161488
161554
161154
161368
161204
161426
161203
161322
161273
161537
161472
161644
206427
161659
161613
161264
161145
161381
161157
161133
161527
161365
161252
161436
161408
161326
161500
161243
161512
161283
161353
161390
161152
161384
161298
161157
161301
161387
161582
161512
196719
161442
161243
161414
161347
161169
161277
161582
161087
161356
161521
161307
161279
161246
161294
161191
161637
161048
161383
161215
161451
161148
161396
161326
161295
161784
161521
161368
161273
161448
161652
161326
161567
161405
161359
161133
161243
161380
161542
161635
161209
161280
161252
161487
161500
161402
161145
161112
161386
161142
161246
161240
161570
161405
161484
161362
161420
161117
161800
161313
161191
161294
161643
161536
161231
161114
161368
161460
161442
161626
161540
161249
161222
161344
161335
161482
161386
161411
161224
161421
161619
161050
161212
161390
161277
161564
161298
161258
161350
161432
161528
161463
161423
161026
161295
161313
161329
161512
161539
161335
161372
161240
161182
161206
161631
161414
161384
161295
161200
161506
161234
161224
161445
161579
161460
161387
161286
161586
161288
161359
161191
161288
161454
161362
161307
161316
161423
165320
161689
161392
161383
161393
161441
161418
161705
161494
161338
161454
161570
161558
161249
161308
161047
161505
161130
161234
161469
161252
161616
161292
161598
161707
161317
161359
161411
161714
161350
161445
161047
164574
161610
161806
161402
161335
161635
161518
161307
161096
161757
161533
161665
161381
161390
161435
161344
161273
161274
161145
161328
161484
161402
161114
161408
161433
161698
161164
161518
161325
161121
161249
161313
161494
161384
161273
161265
161405
161405
161389
161436
161500
161521
161408
161567
161289
161338
161313
161331
161751
161604
161166
161613
161295
161396
161488
161182
161080
161246
161472
161447
161175
161145
161264
161249
161429
161549
161319
161444
161570
161243
161129
161304
161121
161163
161561
161512
161516
161366
161319
161543
161521
161442
161285
161362
161310
161313
161668
161222
161295
161105
161430
161530
161264
161014
161582
161414
161179
161481
161662
161252
161414
161265
161600
161469
161230
161610
161683
161417
161120
161237
161473
161378
161378
161555
161539
161255
161512
161531
161447
161451
161160
161637
161240
161423
161603
161271
161411
166945
161432
161130
161326
161463
161225
161573
161252
161356
161488
161717
161454
161282
161812
161224
161389
161405
161206
161255
161310
161341
161369
161118
161319
161338
161460
161240
161139
161340
161372
161365
161123
165259
161240
161215
161274
161126
161359
161414
161227
161420
161662
161475
161203
161390
161212
161390
161255
161267
161316
161708
161533
161374
161732
161457
161341
161497
161579
161362
161377
161555
161401
161222
161172
164498
161273
161288
161239
161448
161607
161249
161368
161405
161234
161763
161683
161491
161331
161704
161384
161460
161454
161325
161359
161674
161457
161362
161377
161160
161291
161319
161417
161225
161112
161430
161420
161182
161160
161322
161233
161607
161319
161377
161380
161362
161304
161543
161445
161506
161432
161341
161445
161460
161265
161411
161240
161475
161332
161335
161151
161249
161295
161356
161576
161222
161191
161423
161329
161233
161276
161255
160910
161215
161332
161481
161234
161341
161258
161362
161424
161396
161466
161191
161338
161384
161607
161359
161176
161282
161289
161218
161411
161500
161552
161493
161178
161411
161212
161328
164464
161362
161515
161372
161197
161393
161218
161494
161680
161139
161307
161363
161573
161172
161576
161460
161304
161387
161438
161472
161597
161479
161457
161074
161469
161166
161521
161424
161158
161228
161204
161398
164161
161646
161481
161264
161678
161438
161433
161295
161571
161190
161521
161227
161218
161488
161209
161020
161341
161521
161371
161093
161126
161184
161191
161533
161261
161399
161393
161172
161610
161542
161175
161534
165247
161530
161393
161472
161485
161236
161323
161512
161405
161271
161405
161536
161280
161334
161157
161411
161203
161509
161157
161433
161353
161170
161390
161191
161365
161451
161585
161423
161405
161267
161570
161350
161478
161493
161331
161418
161606
161445
161393
161007
161292
161408
161365
161435
161307
161482
161506
161078
161448
161377
161384
161606
161536
161418
161218
161307
161130
161493
161515
161417
161194
161304
161848
161206
161335
161539
161356
161681
161240
161197
161311
161129
161368
161175
161530
161389
161246
161157
161417
161491
161252
161438
161249
161381
161332
161102
161631
161365
161289
161319
161322
161240
161436
161286
161252
161356
161280
161313
161396
161325
161139
161256
161264
161591
161219
161429
161310
161613
161598
161420
161200
160983
161103
161307
161188
161289
161209
161209
161200
161368
161332
161448
161463
161784
161362
161224
161579
161408
161429
161500
161234
161285
161145
161518
161252
161169
161102
161384
161365
161188
161218
161343
161188
161481
161280
161481
161093
161164
161430
161289
161206
161457
161396
161377
161225
161117
161340
161518
221746
164289
161236
161432
161570
161160
161194
161512
161292
161371
161237
161209
161086
161472
161341
161423
161328
161405
161304
161322
161392
161289
161164
161490
161356
161341
161200
161482
161209
161573
161279
161390
161212
165498
161289
161231
161246
161316
161583
161111
161368
161503
161430
161215
161451
161374
161491
161264
161286
161142
161386
161350
161453
161203
161503
161641
161552
161399
161323
161515
161261
161249
161111
161475
161120
161328
161328
161274
161273
161432
161310
161487
161435
161423
161412
161460
161408
161399
161371
161491
161426
161384
161300
161466
161689
161448
161499
161316
161540
161231
161457
161279
161369
161115
161427
161151
161343
161148
161509
161252
222294
200333
161258
161475
161448
161448
161445
161255
161277
161340
161383
161417
161561
161457
161497
161184
161417
161530
161396
161451
161439
161212
161224
161356
161515
161496
161170
161426
165354
161191
161454
161488
161301
161487
161481
161178
161239
161643
161441
161328
161564
161326
161197
161304
161380
161580
161249
161347
161283
161546
161347
161331
161346
161311
161454
161184
161522
161127
161396
161200
161616
161392
161631
161460
161289
161380
161479
161907
161487
161133
161353
161366
161161
161362
161221
161488
161084
161304
161294
161417
161386
161390
161362
161500
161374
161115
161460
161340
161454
161265
161543
161423
161258
161405
161620
161438
161365
161243
161240
161536
161448
161191
161075
161340
161457
161184
161194
161301
161233
161402
161154
161576
161545
161246
161249
161218
161255
161316
161362
161472
161374
161313
161167
161377
161319
161160
161222
161683
161412
161243
161500
161249
161451
161173
161448
161197
161429
161494
161411
161420
161255
161291
161408
161381
161380
161493
161528
161191
161273
161463
161427
161383
161436
161289
161665
164234
161206
161542
161616
161258
161087
161160
161234
161524
161188
161647
161558
161375
161583
161356
161472
161677
161292
161323
161506
161518
161298
161613
161414
161380
161445
161444
161157
161280
161221
161622
161059
164537
161784
161484
161414
161387
160943
161123
161243
161515
161502
161442
161322
161447
161227
161271
161191
161338
161524
161442
161380
161454
161739
161334
161356
161337
161252
161169
161472
161405
161356
161386
161353
165397
161326
161463
161203
161252
161396
161277
161279
161448
161582
161469
161118
161420
161512
161478
161190
161399
161194
161288
161096
161591
161264
161166
161353
161347
161298
161622
161328
161558
161090
161294
161298
161157
161289
161604
161286
161610
161567
161469
161503
161215
161625
161191
161533
161169
161115
161454
161338
161383
161414
161319
161374
161424
161695
161585
161368
161482
161322
161536
161139
161469
161423
161279
160971
161567
161744
161613
161389
161592
161499
161310
161191
161637
161546
161035
161454
161200
161476
161384
161368
161311
161295
161414
161102
161301
161466
161255
161163
161365
161310
161528
161289
161170
161378
161216
161421
161240
161267
161295
161209
161457
161595
161337
161356
161387
161402
161494
191245
161346
161435
161273
161558
161414
161456
161408
161206
161360
161481
161175
161457
161573
161451
161374
161371
161295
161301
161558
164595
161622
161313
161662
161433
161372
161325
161172
161337
161374
161123
161552
161598
161433
161426
161444
161163
161102
161402
161194
161295
161466
161634
161326
161169
161322
161267
161227
161509
161387
161368
161405
164366
161399
161111
161457
161172
161328
161448
161564
161237
161100
161518
161377
161032
161536
161225
161323
161441
161160
161482
161308
161069
161454
161139
161420
161356
161515
161548
161200
161209
161457
161154
161380
161448
161656
161445
161506
161105
161034
161597
161096
161314
161234
161176
161448
161521
161402
161454
161332
161392
161372
161102
161298
161438
161451
161463
161102
161127
161292
161448
161264
161356
161326
161292
161316
161472
161338
161341
161340
161442
161377
161438
161377
161729
161430
161512
161384
161402
161460
161264
161464
161111
161274
161518
161212
161484
161310
161445
161255
161475
161536
161316
161543
161362
161444
161509
161426
161265
161404
161243
161368
161347
161570
161362
161583
161255
161108
161268
161356
161555
161096
161323
161206
161365
161328
161399
161405
161496
161075
161301
161598
161460
161267
161283
161169
161482
161491
161418
165360
161393
161298
161197
161374
161261
161279
161741
161274
161194
161237
161542
161463
161234
161485
161457
161381
161344
161463
161359
161692
161634
161313
161473
161326
161579
161276
161613
161540
161310
161212
161583
167037
161460
161372
161543
161512
161377
161362
161255
161255
161583
161497
161224
161429
161429
161393
161178
161503
161515
161482
161307
161487
161270
161286
161515
161668
161258
161337
161334
161268
161576
161488
161191
164549
161588
161549
161074
161304
161363
161534
161567
161041
161313
161019
161319
161490
161255
161178
161273
161286
161613
161368
161341
160986
161173
161448
161353
161576
161496
161356
161408
161282
161353
161475
161408
161509
161264
161341
161256
161301
161276
161577
161289
161429
161475
161326
161329
161460
161582
161585
161671
161613
161708
161481
161509
161573
161405
161087
161444
161570
161350
161047
161638
161564
161439
161313
161350
161219
161536
161164
161622
161304
161408
161252
161496
161606
161564
161313
161301
161399
161423
161265
161319
161280
161301
161665
161613
161166
161662
161567
161548
161491
161227
161145
161362
161215
161267
161518
161148
161292
161372
161647
161469
161444
161423
161215
161237
161319
161485
161711
161473
161028
161414
161337
161384
161280
161439
161347
161381
161311
161411
161512
161628
161386
161790
161525
161613
161451
161490
161457
165406
161450
161534
161347
161273
161289
161540
161466
161491
161487
161479
161533
161316
161475
161402
161371
161414
161423
161386
161463
161362
161546
161206
161549
161558
161341
161423
161274
161050
161164
161209
161237
164345
161842
161405
161521
161329
161378
161405
161274
161350
161460
161307
161371
161301
161490
161154
161325
161359
161203
161344
161314
161414
161500
161381
161426
161417
161500
161521
161344
161304
161371
161252
161625
164534
161421
161509
161435
161555
161273
161304
161494
161533
161368
161534
161332
161399
161439
161118
161225
161313
161484
161169
161197
161236
161512
161350
161616
161451
161475
161240
161496
161245
161772
161500
161047
161268
161506
161653
161469
222276
194341
161597
161197
161282
161423
161362
161265
161417
161313
161276
161172
161340
161362
161638
161399
161469
161155
161420
161243
161571
161390
161631
161347
161365
161246
161432
161716
161380
161203
161436
161521
161261
161463
161154
161408
161132
161457
161206
161384
161778
161595
161274
161548
161408
161353
161325
161539
161167
161292
161399
161322
161225
161417
161395
161325
161527
161653
164428
161476
161353
161390
161439
161136
161622
161298
161240
222355
161341
161488
161412
161812
161307
161286
161343
161399
161289
161693
161378
161227
161368
161319
161120
161463
161414
161366
161273
161414
161334
161191
165451
161295
161442
161751
161472
161772
161188
161334
161509
161264
161637
161423
161432
161475
161454
161377
161405
161463
161286
161610
161297
161632
161488
161323
161304
161346
161013
161328
161209
161268
161597
161417
161561
161151
161527
161359
161448
161469
161328
161298
161258
161316
161589
161356
161622
161460
161445
161294
161089
161362
161319
161334
161429
161524
161182
161295
161371
161267
161307
161806
161426
161377
161405
161181
161472
161560
161469
161314
161625
161246
161402
161472
161497
161475
161319
161304
161488
161353
161490
161430
161466
161280
161227
161215
161537
161331
161185
161888
161234
161283
161674
161197
161432
161451
161442
161322
161521
161463
161307
161619
161405
161564
161441
161515
161438
161340
161280
161448
161429
161236
161476
161384
161249
161390
161442
161591
161454
161283
161341
161463
161478
161522
161368
161313
161429
161512
161262
164167
161289
161619
161169
161375
161454
161359
161411
161378
161417
161280
161142
161457
161398
161466
161683
161469
161426
161512
161396
161484
161484
161271
161179
161209
161460
161209
161301
161451
161551
161487
161234
164556
161387
161270
161476
161424
161491
161252
161209
161417
161264
161175
161062
161567
161320
161212
161430
161252
161310
161130
161408
161506
161248
161482
161280
161430
161396
161227
161500
161359
161182
161338
161546
165418
161365
161567
161237
161304
161564
161537
161408
161439
161325
161399
161157
161460
161389
161252
161784
161463
161451
161432
161316
161589
161335
161325
161197
161485
161402
161172
161460
161362
161426
160955
161338
161390
161558
161512
161708
161265
161451
161386
161340
161093
161570
161604
161365
161435
161396
161353
161417
161485
161470
161372
161564
161466
161215
161436
161423
161371
161427
161374
161280
161289
161549
161323
161453
161001
161399
161548
161420
161332
161665
161521
161386
161225
161310
161356
161285
161683
161420
161539
161313
161405
161408
161020
161371
161093
161301
161123
161604
161524
161331
161414
161750
161469
161331
161558
161310
189786
161277
161561
161129
161221
161589
161185
161377
161393
161497
161359
161570
161555
161481
161460
161392
161237
161356
161228
161267
161408
161453
161445
161344
161304
161359
161383
161286
161206
161359
161460
164647
161481
161261
161221
161408
161445
161399
161230
161677
161322
161463
161393
161396
161686
161329
161839
161408
161313
161170
161454
161356
161451
161341
161273
161240
161389
161567
161408
161264
161414
161695
161243
164473
161882
161340
161640
161447
161239
161283
161430
161111
161252
161347
161429
161472
161429
161430
161323
161368
161466
161286
161368
161509
161741
161320
161460
161212
161487
161221
161476
161534
161265
161539
161197
161626
161371
161405
161334
161702
161219
161292
161424
161224
161384
161374
161475
161182
161567
161310
161641
161427
161592
161533
161151
161530
161476
161231
161463
161671
161261
161393
161356
161335
161463
161292
161087
161161
161481
161240
161537
161225
161264
161411
161331
161594
161415
161325
161469
161472
161503
161426
161647
161497
161273
161369
161423
161503
161221
161221
161551
161582
161280
161576
161441
161561
161436
161283
161533
161557
161411
161659
161271
161589
161442
161432
161231
161328
161647
161503
161591
161286
161515
161597
161576
161228
161279
161555
161170
161255
161292
161598
161170
161423
161512
161270
161117
161313
161408
161323
176708
160982
161353
161442
161228
161320
161751
161328
161304
161426
161332
161417
161319
161574
161344
161638
161366
161325
161228
161558
161687
161442
161552
161457
161344
161527
161337
161411
161332
161377
161629
161203
164877
161280
161319
161072
161479
161384
161026
161524
161576
161362
161325
161297
161561
161557
161099
161209
161411
161194
161288
161478
161252
161270
161638
161233
161200
161415
161274
161316
161016
161270
161279
161381
164311
161708
161261
161200
161325
161234
161328
161435
161384
161337
161693
161632
161384
161564
161463
161280
161488
161258
161298
161102
161270
161365
161350
161552
161166
161228
161350
161298
161634
161375
161386
161554
161274
161426
161335
161353
161478
161353
161304
161540
161356
161322
161484
161570
161372
161387
161632
161589
161442
161499
161436
161215
161337
161435
161424
161533
161439
161555
161320
161698
161435
161166
161276
161567
161414
161585
161552
161322
161466
161304
161298
161291
192880
161567
161457
161537
161093
161604
161512
161261
161261
161637
161286
161322
161268
161316
161197
161402
161744
161519
161405
161389
161460
161295
161273
164412
161432
161206
161577
161460
161350
161454
161218
161531
161380
161625
161319
161540
161182
161362
161714
161674
161387
161518
161246
161543
161430
161481
161509
161463
161215
161493
161515
161356
161206
161326
161500
168275
161423
161570
161285
161365
161227
161472
161408
161001
161405
161341
161374
161233
161319
161543
161322
161282
161411
161359
161313
161766
161337
161515
161478
161313
161243
161246
161402
161429
161255
161387
161479
164586
161344
161326
161518
161476
161191
161344
161206
161579
161414
161469
161243
161317
161264
161598
161487
161182
171632
171432
171568
161365
191241
161356
161591
161356
161237
161187
161527
161173
161463
164518
161460
161313
161320
161597
161451
161249
161322
161442
161291
161444
161528
161640
161365
161610
161346
161546
161451
161277
161221
161215
161099
161277
161228
161283
161606
161405
161209
161393
161460
161417
161420
165577
161502
161527
161387
161387
161267
161022
161167
161555
161493
161221
161814
161589
161408
161161
161173
161127
161421
161573
161335
161188
161432
161307
161283
161197
161105
161347
161316
161230
160910
161390
161402
161353
161644
161625
161448
161353
161338
161546
161405
161426
161775
161533
161249
161594
161356
161363
161469
161133
161460
161233
161179
161297
161518
161313
161068
161228
161243
161427
161301
161216
161347
161298
161512
161530
161637
161304
161356
161203
161218
161280
161493
161368
161448
161508
161381
161637
161338
161252
161567
161121
161319
161310
161374
161164
161423
161353
161500
161481
161163
161319
161313
161488
161261
161304
161017
161365
161371
161460
161356
161328
161542
161534
161224
161212
161350
161261
161285
161442
161570
161481
161261
161473
161543
161421
161240
161072
161607
161130
161185
161653
161356
161215
161252
161454
161304
161405
164372
161512
161497
161668
161402
161252
161240
161304
161500
161234
161430
161546
161818
161515
161371
161332
161448
161274
161197
161349
161319
161533
161628
161106
161365
161625
161439
161436
161396
161295
161334
161280
164195
161350
161353
161454
161570
161081
161135
161313
161554
161233
161641
161827
161378
161402
161380
161441
161546
161396
161390
161326
161622
161322
161310
161607
161390
161280
161417
161386
161441
161582
161518
161267
165369
161237
161389
161506
161485
161460
161262
161331
161212
161286
161512
161271
161304
161346
161457
161072
161277
161387
161341
161280
161757
161423
161478
161225
161218
161123
161457
161399
161255
161656
161426
161512
161337
161298
161093
161576
161521
161445
161133
161249
161503
161206
161475
161424
161377
161310
161472
161463
161154
161527
161285
161659
161445
161255
161114
161383
161285
161298
161295
161405
161481
161552
161451
161626
161421
161375
161570
161187
161383
161576
161475
161163
161494
161503
161558
161322
161014
161322
161421
161637
161430
161467
161378
161295
161402
161585
161255
161286
161255
161748
161417
161328
161430
161558
161175
161441
161380
161338
161494
161282
161347
161512
161383
161435
161518
161175
161405
161454
161444
161442
161157
161365
161579
161518
161503
161592
161521
161298
161295
161090
161286
161301
161417
161380
161298
161555
161347
164883
161178
161390
161435
161298
161246
161456
161460
161258
161160
161417
161512
161325
161463
161371
161276
161506
161570
161267
161414
161473
161203
161310
161215
161389
161346
184890
161099
161546
161375
161420
161200
166424
161647
161337
161539
161488
161362
161433
161377
161086
161457
161423
161412
161475
161148
161295
161310
161378
161334
161188
161365
161353
161289
161389
161423
161368
161178
161387
161536
161304
161264
161258
161304
161616
161329
161396
161372
161313
161368
161258
161472
161473
161500
161249
161564
161447
161451
161481
161423
161295
161019
161329
161466
161405
161754
161393
161522
161414
161447
161543
161509
161506
161426
161374
161341
161383
161246
161377
161117
161084
161182
161488
161427
161375
161454
161185
161230
161378
161316
161359
161316
161267
161371
161531
161304
161335
161408
161472
161411
161270
161371
161451
161231
161546
161362
161408
161485
161494
161424
161438
161555
161402
161369
161262
161386
161344
161261
161179
161258
161298
161787
161246
161322
161332
161448
161386
161338
161155
161442
161545
161185
161295
161350
161442
161301
161341
161365
161497
171447
161420
161549
161234
161775
161530
161585
161145
161540
161280
161515
161316
161151
161365
160928
161212
161243
161662
161518
161640
161360
161500
161457
161145
161362
161386
161387
161430
161423
161506
161689
161570
166161
161401
161470
161415
161332
161188
161573
161591
161375
161173
161237
161172
161320
161405
161390
161393
161564
161757
161133
161117
161365
161341
161283
161286
161289
161564
161754
161420
161482
161362
161374
161209
164996
161506
161292
161560
161378
161252
161552
161356
161160
161157
161267
161310
161475
161527
161341
161359
161344
161418
161240
161552
161512
161427
161322
161283
161267
161337
161356
161506
161313
161362
161380
161512
161386
161396
161564
161096
161301
161317
161335
161399
161372
161267
161467
161274
161334
161267
161292
161273
161273
161386
161460
161289
161319
161732
161276
161601
161500
161292
161411
161249
161204
161368
161252
161283
161228
161427
161402
161133
161363
161598
161182
161344
161353
161316
161331
161182
161282
161298
161414
161439
161451
161347
161494
161393
161539
161197
161279
161435
161093
161427
161662
161478
161424
161744
161224
164483
161393
161264
161506
161674
161371
161625
161239
161622
161377
161255
161326
161297
161283
161573
161646
161497
161325
161383
161291
161338
161298
161393
161515
161338
161340
161595
161377
161194
161259
161338
161453
165376
161249
161497
161677
161371
161237
161274
161490
161487
161421
161494
161245
161139
161631
161279
161179
161558
161331
161432
161497
161552
161161
161279
161508
161536
161484
161616
161533
161151
161231
161249
161601
164513
161555
161601
161377
161295
161297
161271
161292
161530
161491
161414
161362
161616
161665
161371
161341
161549
161279
161338
161277
161359
161506
161243
161466
161445
161423
161160
161099
160930
161405
161224
161414
161442
161316
161262
161142
161224
161105
161540
161258
161322
161341
161524
161326
161411
161439
161249
161537
161154
161512
161451
161365
161396
161668
161133
161585
161545
161463
161176
161381
161451
199511
161546
161402
238518
161622
161634
161384
161368
161735
161273
161362
161374
160995
161475
161597
161249
161432
161200
161242
161607
161203
161289
161353
161295
161582
161405
161717
161316
161589
161286
161234
161280
161451
165033
161546
161567
161487
161463
161353
161380
161310
161643
161096
161427
161350
161347
161132
161395
161668
161573
161335
161576
161349
161582
161542
161656
161374
161258
161481
161414
161078
161405
161252
161298
161384
161441
161628
161081
161738
161429
161175
161246
161591
161402
161243
161453
161463
161380
161185
161417
161237
161322
161487
161301
161430
161675
161542
161772
161393
161589
161512
161378
161326
161191
161527
161172
161585
161381
161311
161120
161212
161151
161579
161338
161356
161356
161540
161588
161432
161472
161169
161463
161240
161332
161386
161344
161010
161369
161506
161574
161219
161707
161500
161114
161558
161374
161237
161344
161386
161490
161270
161114
161479
161665
161280
161252
161525
161200
161160
161255
161041
161240
161328
161423
161521
161194
161509
161527
161573
161335
161280
161549
161466
161450
161460
161595
161558
161371
161390
161536
167914
161582
161212
161662
161488
161356
161393
161151
161273
161317
161402
161286
161243
161239
161286
161384
161386
161487
161378
161172
161457
161448
161242
161270
161509
161313
161307
161650
161420
161365
161298
161273
165519
161503
161390
161488
161638
161830
161283
161512
161497
161402
161145
161521
161335
161329
161499
161096
161362
161264
161444
161252
161429
161634
161124
161350
161362
161647
161481
161448
161365
161546
161243
161631
164234
161421
161433
161335
161537
161463
161167
161481
161756
161613
161383
161540
161120
161270
161451
161313
161424
161316
161350
161298
161417
161460
161842
161497
161347
161276
161197
161512
161353
161380
161264
161570
230330
161190
161451
161423
161432
161249
161298
161206
161430
161341
161390
161524
161135
161246
161322
161332
161383
161319
161448
161445
161359
161316
161166
161576
161533
161368
161420
161319
161503
161286
161261
161237
161460
161139
161145
161276
161680
161420
161246
161148
161392
161313
161610
161279
161286
161325
161625
161172
161377
161476
161090
161549
161258
161576
161289
161142
161169
161408
161436
161377
161475
161328
161188
164509
161445
161310
161338
161377
161396
161056
161629
161460
161430
161478
161435
161173
161359
161252
161643
161582
161435
161356
161436
161852
161087
161598
161564
161601
161377
161586
161212
161320
161433
161209
161194
195358
161396
161209
161295
161714
161331
161470
161521
161096
161436
161362
161344
161390
161160
161488
161154
161221
161245
161659
161668
161292
161531
161090
161451
161607
161426
161249
161081
161222
161139
161433
161212
161496
161714
161268
161298
161267
161234
161399
161365
161337
161219
161187
161641
161435
161004
161484
161295
161152
161399
161237
161325
161075
161594
161317
161032
161473
161304
161350
161463
161478
161426
161601
161246
160937
161219
161478
161396
161447
161558
161331
161243
161536
161329
161295
161494
161591
161200
161445
161194
161619
161111
161509
161760
161274
161313
161384
161469
161264
161237
161347
161267
161417
161470
191748
164189
161640
161050
161053
161561
161469
161879
161399
161200
161304
161389
161332
161111
161399
161261
161451
161469
161589
161283
161221
161230
161338
161466
161491
161282
161380
161481
161081
161264
161424
161264
161396
165155
161383
161264
161368
161356
161221
161279
161328
161392
161598
161369
161521
161598
161622
161467
161408
161519
161418
161328
161806
161283
161108
161283
161023
161713
161264
161573
161209
161225
161588
161212
161227
161115
161497
161429
161197
161467
161518
161225
161249
161191
161271
161381
161261
161267
161277
161359
161444
161738
161686
161494
161512
161509
161304
161362
161344
161393
161335
161451
161512
161637
161230
161420
161552
161264
161280
161421
161491
161705
161515
161500
161371
161411
161292
161518
161548
161215
161637
161124
161619
161555
161481
161463
161227
161148
161711
161377
161362
161460
161288
160977
161332
161396
161092
161344
165180
161316
161310
161276
161219
161378
161457
161579
161582
161314
161426
161414
161230
161619
161215
161485
161594
161209
161622
161393
161433
161332
161114
161185
161270
161316
161350
161086
161292
161356
161356
161353
164470
161386
161387
161429
161282
161493
161537
161420
161298
161500
161537
161323
161323
161497
161298
161304
161173
161016
161096
161509
161573
161604
161077
161279
161084
161387
161497
161506
161145
161466
161276
161255
164391
161264
161271
161344
161454
161328
161099
161231
161436
161288
161221
161368
161276
161344
161389
161600
161426
161420
161295
161301
161332
161261
161500
161316
161451
161166
161457
161475
161295
161298
161442
161457
161329
161387
161521
161325
161099
161414
161396
161301
161375
161231
161090
161720
161634
161414
161601
161289
161405
161622
161655
161185
161387
161041
161188
161331
161130
161393
161317
161414
161209
161249
161577
161289
161310
161674
161317
161528
161537
161365
161499
161331
161539
161326
161289
161090
161239
161539
161068
161240
161668
161022
161200
161576
161044
161879
161442
161415
161441
161298
161806
161270
161059
161115
161362
161359
161554
161353
161298
161237
161093
161490
161384
161304
161607
161380
161267
161429
161543
161418
161515
161484
161304
161674
161453
161362
161527
161380
161344
161338
161237
161393
161289
161298
161479
161463
161855
165100
161341
161209
161230
161246
161319
161436
161304
161225
161264
161521
161322
161350
161515
161733
161390
222851
161114
161592
161424
161399
161582
161374
161221
161527
161289
161221
198213
161751
161503
161368
200073
171447
161160
161310
161509
161402
161429
161366
161524
161539
161543
161142
161473
161585
161261
161267
161454
161283
161408
161500
161197
161396
161298
161414
161239
161276
161509
161573
161237
161188
161423
164351
161258
161659
161528
161414
161329
161809
161166
161628
161554
161408
161380
161289
161227
161356
161255
161258
161359
161310
161341
161383
161478
161337
161320
161399
161203
161078
161362
161369
161117
161497
161484
161548
161497
161225
161277
161570
161433
161356
161411
161380
161641
161359
161262
161380
161429
161356
161020
161567
161029
161096
161531
161445
161512
161267
161448
161475
161389
195055
171649
171366
171632
171294
174876
161518
161283
161671
161338
161398
161408
161283
161383
161390
161282
161166
161160
161374
161479
161148
161219
161350
161524
161227
161405
161270
161500
161356
161424
161377
161750
161625
161448
161466
161472
161436
164485
161362
161573
161310
161338
161427
161264
161298
161319
161415
161644
161200
161249
161255
161668
161448
161329
161368
161200
161610
161637
161405
161369
161479
161528
161402
161279
161246
161607
161542
161472
161270
161463
161194
161546
161404
161304
161350
161246
161242
161540
161221
161365
161411
161399
161282
161456
161267
161518
161224
161500
161690
161396
161347
161378
161487
161356
161573
161316
161466
161396
161472
161441
161482
161093
161484
161469
161227
161307
161344
161363
161200
161255
161280
161677
161503
161705
161160
161291
161160
161369
161634
161258
161200
161261
161117
161585
161274
161078
161240
161350
161292
161445
161586
161457
161344
161426
161090
161360
161308
161329
161148
161313
161218
161625
161139
161760
161176
161243
161261
161276
161524
161451
161353
161690
161395
161448
161481
161423
161512
200503
171219
171340
171216
171712
171288
171539
195046
161433
161426
161133
161164
161417
161402
161552
195098
171453
171741
171040
198864
161423
161426
161598
161132
161283
161417
161800
161392
161427
161616
161350
161298
161677
161555
161111
161259
161228
161353
164693
161430
161343
161350
161194
161267
161356
161515
161445
161381
161390
161638
161265
161534
161338
161286
161310
161295
161724
161521
161298
161524
161319
161366
161276
161711
161531
161286
161230
161466
161359
161383
164473
161536
161482
161616
161411
161442
161594
161542
161371
161521
161603
161264
161564
161356
161616
161374
161271
161040
161595
161481
161289
161521
161546
161267
161179
161252
161375
161341
161157
161369
161187
161395
161404
161414
161509
161163
161017
161502
161393
161181
161084
161377
161421
161332
161313
161457
161576
161366
161438
161448
161399
161313
161127
161417
161846
161271
161065
161619
161560
161377
161543
161445
161317
161356
161066
161399
161234
161365
161219
161209
161528
161686
161231
161378
161314
161531
161460
161274
161148
161197
161335
161506
161103
161096
161344
161338
161702
161350
161114
161524
161374
161485
161267
171314
171325
175708
161246
161236
161482
161518
161231
161271
161301
161561
161386
161332
161313
161090
161307
161231
161539
161405
161750
161347
161175
161328
161537
161242
161276
161432
161384
161444
161567
161527
161270
161412
161809
165556
161594
161521
161056
161350
161482
161234
161331
161745
161233
161243
161448
161292
161374
161359
161175
161062
161288
161990
161414
161487
161334
161445
161371
161497
161445
161427
161319
161402
161167
161173
161337
161353
161551
161258
161366
161295
161341
161521
161038
161463
161316
161534
161145
161430
161356
161512
161408
161252
161387
161231
161237
161576
161537
161576
161258
161536
161191
161405
161396
161280
161640
161377
161472
161191
161610
161564
161401
161386
161390
161224
161218
161334
161442
161423
161080
161185
161353
161374
161243
197592
171343
171245
171311
171510
171262
171545
161414
161604
161218
161472
161558
161493
161365
161429
161442
161537
161282
161100
161329
161502
161377
161372
161163
161194
161472
161212
161151
161683
161221
161356
161616
161537
161543
161491
161487
161665
161283
161689
161460
161484
161341
161347
161417
161304
161179
161414
194321
161298
161365
161432
161215
161753
161494
161521
161295
161512
161686
161601
161417
161643
161053
161643
161068
161429
161313
161164
161328
161298
161337
161402
161350
161604
161438
161551
161093
161472
161512
164528
161317
161405
161139
161723
161515
161574
161249
161457
161209
161476
161371
161493
161436
161609
161353
161267
161580
161494
161237
161456
161236
161580
161175
161594
161741
161396
161213
161500
161332
161332
161337
165045
161512
161157
161350
161484
161166
161427
161252
161402
161221
161221
161405
161329
161307
161313
161288
161589
161276
161227
161491
161497
161457
161338
161338
161601
161497
161274
161132
161216
161279
161188
161310
164445
161417
161249
161390
161438
161500
161329
161515
161316
161439
192570
161349
161350
161668
161595
161331
161264
161368
161203
161371
161430
161417
161304
161258
161445
161007
161175
161503
161432
161151
161203
161176
161154
161133
161429
161622
161175
161500
161493
161616
161240
161262
161212
161264
161466
161307
161209
161439
161502
161411
161386
161197
161518
161227
161157
161469
194461
171580
171355
171487
171430
171710
171559
175870
161365
161245
161383
161518
161564
161803
161267
161381
161044
161206
161402
161304
161411
161335
161350
161176
161857
161454
161463
161445
161375
161279
161252
161558
161592
161222
161534
161445
161331
161280
161319
161632
161298
161353
161487
161411
161279
161561
161378
161442
161313
161089
161221
161534
161665
161577
161280
161457
161337
161353
161368
161118
161218
161148
161307
161521
161353
161105
161341
161225
161509
193164
164292
226355
161320
161378
161610
161476
161386
161344
161347
161518
161500
161448
161340
161426
161402
161304
161289
161632
161680
161442
161335
161435
161472
161411
161411
161298
161479
161378
161322
161448
161475
161368
161453
161283
161460
161698
161368
161392
161497
161393
161552
161445
161453
161594
161469
161745
161818
161386
161390
161447
161384
161545
161604
161622
161282
161139
160952
161206
161295
161365
161356
161371
161288
161463
161255
161625
161460
161417
161583
161644
161506
161203
161194
161371
161329
161362
161246
161505
161582
161120
161374
161393
161246
161261
161313
161317
161506
161338
161423
161239
161460
161283
161252
161316
161460
161206
161497
161249
161512
161411
161503
161356
161438
161377
161081
161362
161338
161261
161417
161442
161619
161534
161255
161331
161334
161252
161399
161210
161482
161319
161430
161549
161243
161304
161545
161616
161289
196665
161374
161515
161582
161466
161549
161298
161249
161485
161328
161472
161421
161187
161132
161591
161343
161390
161393
161356
161640
161729
161595
161341
161371
161237
161359
161561
161207
161307
161301
161536
161099
229760
161558
161234
161579
161362
161436
161555
161472
161582
161555
161310
161356
161356
161332
161597
161402
161592
161274
161393
161500
161319
161344
161332
161390
161432
161646
161280
160983
161457
161035
161405
161574
189416
161329
161380
161537
161714
161705
161233
161668
161530
161261
161157
161341
161475
161451
161307
161185
161236
161598
161439
161172
161301
161063
161739
161638
161536
161463
161074
161402
161213
161356
161619
200198
161353
160860
161295
161074
161099
161396
161298
161234
161573
161274
161531
161077
