183248
183630
183670
183685
183441
183826
183765
183939
183585
183658
183792
183622
183750
183456
183557
183697
183450
183373
183942
183428
184405
183471
183762
183722
183606
183584
183490
183756
183710
183799
183765
183557
183682
183489
183826
183548
183627
183884
183496
183468
183514
183777
183768
183077
183789
183523
183422
183618
183743
183869
183597
183651
183233
183655
183731
183414
183517
183428
183594
183799
183747
183848
183211
183425
183294
183597
183723
183921
183180
183980
183547
183750
214561
183716
183676
183468
183706
183606
183738
189797
183658
183973
183441
183600
183367
183661
183900
183615
183615
183881
183420
183450
183949
183997
183683
183550
183649
183804
183648
183449
183492
183802
183634
183964
183532
183395
188934
183752
183642
183606
183588
183872
183850
183266
183648
183756
183569
183729
183682
183193
183475
183330
183416
183572
183726
183652
183716
183759
183842
184013
183505
183156
183300
186846
183633
183735
183731
183578
183906
183554
184028
183386
183358
183615
183670
183771
183459
183459
183680
183869
183854
183545
183456
183395
183652
183472
183713
183985
183538
183157
187212
183410
183520
183401
183609
183682
183551
183511
183508
183658
183591
183700
183202
183175
183903
244094
183587
183908
183401
183805
183349
183704
183581
183722
183333
183820
183789
183752
183462
183960
183636
183985
183722
183383
183777
183973
216187
183888
183505
183698
183593
183854
183995
183514
183527
183948
183609
183327
183515
183493
183685
183627
183481
183269
183792
183762
183383
183505
183578
183670
183560
183645
183982
183425
183606
183829
183731
183609
183431
183685
183746
183719
183692
183786
183545
183394
183585
183863
183569
183224
183701
183657
183422
183471
183584
183820
183609
183698
183303
183624
183860
183816
183716
183576
183512
183358
183778
183544
183743
183431
183541
183401
183624
183441
183312
184141
183487
183407
183450
183518
183584
183605
184117
183897
183557
183370
183658
183315
183569
183529
183594
183367
183710
183689
183649
183832
183973
183560
183551
183719
183487
183438
183435
183771
183398
183422
183655
183239
183621
183964
183465
183918
183486
183887
183392
183685
183523
183618
183572
183469
183878
183729
184129
183780
183820
183483
183398
183585
183282
184370
183612
186863
183670
183487
183597
183297
183288
183443
183434
183428
183747
183600
183496
183851
183511
183881
183541
183661
183985
183554
183750
183385
183673
183532
183545
183578
183618
183597
187044
183728
183694
183765
183609
183336
183487
183887
183857
183557
183713
183625
183854
183480
244581
183566
183349
183835
183777
183649
183453
183633
183789
183851
183636
183523
183404
187179
183297
183590
183838
183413
183612
183789
183830
183453
183765
183634
183600
183811
183860
183731
183287
183340
183557
184003
183823
183541
183597
183735
183425
183608
183248
183817
187004
183734
183398
183756
183591
183899
183771
183729
183585
183453
183759
183551
183842
183841
183679
183575
183349
183698
183257
183817
183848
183664
183456
183291
183951
183560
183704
187166
183322
183563
183673
183542
183688
183701
183642
183538
183563
183535
183576
183719
183587
183802
183661
183569
183720
183723
183627
183639
183957
183557
183802
183912
183431
183475
183793
183795
183462
183670
183634
183976
183563
183480
183492
183630
183927
183389
183943
183969
183735
183245
183624
183891
183309
183872
183900
183841
183294
183649
183043
183637
183679
183743
183585
183367
183483
183643
183853
183542
183915
183642
183410
183383
183309
183948
183355
183365
183758
183829
183319
183777
183471
183294
183609
183652
183462
183502
183157
183339
183446
183844
183762
183478
183492
183447
183322
183643
183371
183679
183392
183667
183857
183634
183441
183749
183756
183318
183670
183380
183679
183643
183961
183343
183462
183202
183734
183722
183567
183181
183319
183486
183554
183587
183208
183532
183670
183128
183738
183771
183517
183774
183731
183597
183774
183521
183949
183496
183407
183474
183734
183530
183576
183255
183640
183700
183735
183563
183539
183336
183628
183612
183842
183407
183639
183541
183428
183588
183780
183863
183673
183768
183676
183753
183756
183707
183529
183758
183743
183248
183542
183257
183664
183327
183435
183370
183587
183651
183382
183860
183440
183735
183459
183833
183704
183664
183734
183725
183627
183468
183355
183515
183694
183743
183435
183511
183814
183065
183759
183783
183340
183759
183431
183361
183759
183563
183444
183484
183774
183896
183793
183621
183805
183437
183677
183796
183441
183676
183588
183762
183431
183569
183478
183753
194571
183866
183138
183682
183233
184037
183218
183631
183526
183551
183518
183465
183533
183587
183774
183746
183590
183609
184028
184223
183346
183707
183291
183340
183429
183471
183628
187329
183722
183597
183223
183422
183807
183539
183747
183446
183463
183661
183701
183383
183459
183291
183273
183239
183603
183588
183605
183618
183300
183954
183876
183279
183560
183346
187004
183475
183542
183453
183627
183462
183496
183924
183416
183845
183784
183484
183737
183695
183334
183566
183523
183569
183557
183796
183674
183640
183554
183578
183554
183349
183738
187399
183544
183603
183891
183722
183752
183667
183358
183744
183376
183655
183887
183615
183630
183685
183753
183738
183285
183523
184150
183563
183716
183446
183777
183597
183768
183541
183443
183627
183572
183701
183673
183340
183440
183701
183670
183536
183358
184046
183768
183368
183603
183572
183527
183692
183521
183683
183600
183361
183658
183471
183902
183618
183569
183661
183502
183829
183493
183401
183744
183453
183652
183438
183667
183398
183817
183637
183437
183487
183514
183542
183646
183879
183823
183633
183401
183774
183719
183670
183673
183585
183808
183689
183860
183811
183524
183166
183556
183832
183896
183921
183768
183698
183786
183756
183573
183866
183796
183842
183759
183707
183670
183560
183573
183511
183872
183282
183872
183814
183362
183563
183597
183581
183499
183535
183315
184024
183456
183352
183419
183814
183523
183725
183686
183520
183780
183734
183725
183535
244003
244595
244153
183719
183664
187363
183505
183897
183786
183731
183067
183921
183698
183538
183370
183584
183967
243699
183236
183419
183762
183392
183560
183333
183660
183636
183581
183469
183490
183897
183447
183490
183695
183832
183597
183364
183294
183175
183664
183511
183566
183664
183416
183582
183337
183116
183625
183370
183731
183890
183713
183322
183712
183404
183395
183689
183608
183612
183545
183232
183554
183698
183422
183674
183994
183612
183339
183652
183720
183539
183496
183704
183459
183291
183578
183471
183719
183569
183398
183787
183548
183587
183863
183762
183426
183777
183784
183835
183585
183413
183642
183655
183838
183832
183881
183997
183857
183930
183729
183695
183637
183826
183786
183667
184019
183275
183579
183285
183701
183508
183725
183535
183560
183615
183686
183579
183850
183355
183756
183722
183480
183682
183334
183397
183352
183805
183942
183456
183520
183346
183226
183618
183933
183532
183374
183490
183802
183505
183603
184034
184040
183688
183309
183771
183798
183872
183570
184009
184015
183484
183655
184001
183884
183777
183722
183584
183576
183701
183386
183744
183508
183869
183976
183539
183202
183673
187197
183719
183536
183590
183578
183331
183612
183691
183624
184022
183581
183734
183832
183612
183701
183526
183804
183337
183802
183593
183444
183673
183636
183526
183325
183716
184047
187117
183924
183673
183893
183637
183652
183731
183483
183973
183609
183646
183789
183695
183532
183979
183756
183545
183471
183386
183306
183765
183505
183939
183836
183783
183590
183790
187209
183649
183648
183486
183422
183829
183710
183637
183471
183536
183582
183309
183673
183784
183563
183735
183780
183655
183520
183383
184107
183639
183579
183502
183752
183897
183694
187071
183437
183796
183661
183755
183322
183710
183389
183486
183573
183453
183762
183622
183193
183462
183646
183413
183817
183704
183566
183554
183331
183395
183437
183716
183857
183741
187022
183582
183468
183640
183336
183545
183795
183762
183392
183394
183695
183582
183917
183453
183743
183710
183514
183609
183775
183771
183587
183563
183817
183404
183575
183670
183551
186979
183377
183597
183603
183893
183480
183646
183670
183747
183517
183520
184037
184215
183713
183738
183554
183478
183951
183706
183569
183594
183719
183398
183557
183493
183480
183725
183680
183602
183863
183597
183716
183658
183637
183753
183499
183364
183422
183346
183597
183768
183747
183970
183899
183790
183634
183229
183340
183765
183282
183431
183878
183655
183713
183621
183563
183869
183196
183336
183514
184022
183450
183774
183759
183664
183590
183590
183542
183260
183578
183334
183502
183774
183294
183279
184009
183557
183823
183480
184003
183853
183698
183731
183526
183502
183573
183478
183618
183456
183839
183469
183594
183472
183640
183780
183588
183651
183735
183636
183352
183735
183380
183738
183581
183606
183670
183518
183768
183597
183741
183370
183496
183679
183636
183511
183741
184199
183783
183380
183698
183652
183810
183374
183740
183692
183747
183774
183630
183465
183481
183496
183664
183557
183704
183511
183514
183658
183658
183324
184111
183364
183419
183447
183631
184009
183542
183425
183642
183685
183330
183624
183545
183490
183331
183575
183887
183677
183478
183599
183722
183661
183817
183600
183630
183799
183774
183477
183502
183297
183441
183474
183459
183661
183487
183839
183223
183802
183661
183845
183456
183783
183590
183526
183578
183642
183480
183817
183783
183970
183545
183520
183622
183312
183505
183502
183434
183548
183564
183560
183909
183795
183670
183646
183551
183582
183557
183621
183535
183768
183881
183728
183526
183661
183753
183777
187032
183881
183386
183652
183535
183523
183734
183468
183477
183731
183584
183680
183376
183633
184009
183529
183676
183706
184070
183554
183940
183502
183490
183490
183720
183802
183300
187212
183588
183560
183921
183428
183674
183426
183722
183832
183560
183621
183469
183520
183808
183434
183710
183689
183884
183618
183440
183186
183431
183618
183765
183538
183294
183349
186989
183765
183496
183585
183328
183484
183805
183523
183697
184050
183554
183884
183447
183563
183407
183514
183761
183520
183278
183723
183664
183695
183401
183897
183533
183343
183612
187497
183475
183707
183321
183820
183624
183578
183621
183541
183416
183576
183597
183799
183759
183796
183584
183554
183829
183685
183753
183964
183732
183490
183547
183964
183273
183456
187196
183618
183762
183241
183453
183744
183367
183719
183551
183887
183716
183774
183530
183343
183554
183465
183373
183450
183545
183377
183652
183477
183682
183441
183875
183267
183530
186793
183729
183456
183260
183517
183845
183771
183753
183431
183848
183547
183511
183432
183704
183511
183631
183599
183982
183820
183496
183401
183245
183640
183077
183297
183309
183878
244559
183410
183453
183518
183579
183435
183416
183802
183728
183673
183554
183465
183575
183468
183499
183835
183499
183612
183802
183676
183600
183435
183542
183631
183566
183655
183771
183530
183658
183695
183820
183596
183456
183426
183474
183649
183676
183627
183410
183572
183526
183385
183477
183749
183550
183312
183682
184110
183630
184034
183627
183725
183652
183419
183569
183420
183257
183826
183679
183288
183792
183572
183735
183529
183481
183523
183270
183725
183221
183618
183841
183404
183542
183294
183838
183636
183413
183752
183456
183382
186668
183517
183380
183309
183670
183759
183466
183820
183471
183658
183487
183343
183502
183520
183817
183483
183279
183783
183664
183722
183334
183642
183496
183608
183637
183327
183697
187986
183637
183257
183756
183790
183863
183691
183343
183808
183793
183796
183374
183761
183425
183581
183682
183438
183570
183261
183609
183746
183530
183689
183551
183765
183489
183576
186986
183520
183648
183792
183728
183312
183459
183557
183778
183514
183814
183331
183569
183438
183615
183719
183465
183554
183319
183340
183640
183545
183255
183517
183361
183254
183560
186858
183716
183373
183786
183927
183471
183673
183264
183704
183649
183233
183493
183637
183489
183376
183639
183300
183367
183906
183284
183459
183585
183367
183382
183706
183529
183337
187130
183401
183587
183453
183765
183398
183205
183526
183560
183722
183352
183636
183731
183420
183388
182997
183441
183288
183536
183643
183407
183336
183778
183793
183630
183630
183502
186656
183318
183429
183544
183740
183694
183998
183511
183539
183355
183468
183725
183486
183554
183160
183542
183985
183413
183480
183768
183634
183639
183802
183603
183370
183496
183725
184111
183649
183490
183557
183364
183848
183575
183582
183560
183811
183257
184009
183676
183465
183652
183655
183967
183621
183998
183426
183196
183422
183502
183762
183364
183713
183594
183799
183135
183710
183685
183502
183710
183633
183661
183896
183340
183505
183483
183743
183878
183897
183686
183511
183428
183548
183645
183349
183615
184221
183499
183829
183392
183499
183795
183704
183731
183744
183434
183511
183982
184019
183343
183575
183395
183829
183279
183652
183230
183266
183596
183490
183572
183728
183551
183615
183686
183376
183891
183261
183346
183572
183878
183578
183833
183631
183487
183618
183784
183584
183126
183719
183566
183304
183463
183481
183440
183211
183621
183755
183340
183465
183392
183573
183288
183374
183423
183636
183573
183719
183328
183429
183680
183251
183716
183866
183334
183967
183468
183746
183596
183575
183780
183863
183698
183591
183588
183141
183490
183664
183654
183453
183263
183389
183388
183973
183377
183633
183306
183456
183346
183664
183401
183496
183456
183664
183386
183514
183358
183407
183943
183468
183664
183502
183594
183532
183471
183664
183570
183132
183465
183419
183900
183560
183517
183499
183432
183716
183548
183229
183490
183374
183505
183453
183566
183691
183716
183211
183676
183835
183431
183820
183526
183480
183321
183511
183728
183811
183487
183575
184040
183514
183899
183502
183728
183340
183621
183640
183615
183499
183875
183691
183701
183606
183914
183557
183891
183707
183370
183771
183591
183777
183793
183312
183572
186613
183997
183205
183652
183346
183799
183594
183517
183493
183627
183658
183823
183495
183621
183897
183909
183483
183798
183346
183588
183343
183826
183707
183272
183374
183810
184049
186833
183725
183706
183850
183725
183933
184028
183566
183709
183471
183750
184105
183468
183759
183612
183998
183527
183603
183707
184028
183395
183671
183554
183676
183716
183566
183829
186907
184006
184022
183236
183648
183633
183554
183728
183756
184015
183468
183820
183799
183836
183756
183645
183597
183642
183838
183493
183576
183276
183609
183725
183423
183667
183523
187245
183220
183783
183774
183783
183407
183921
183768
183258
183642
183502
183514
183750
183783
183943
183487
183777
183373
183511
183680
183799
183780
183728
183652
183813
183645
183557
187059
183726
183744
183508
183695
184092
183371
183438
183588
183897
183796
183483
183875
183557
183480
183367
183285
183600
183609
183113
183731
183606
183478
183912
183484
183459
183536
186977
183839
183796
183973
183700
183477
184016
183410
183596
183710
183697
183576
183609
183490
183823
183952
184038
183606
183703
183698
183496
183527
183508
183480
183490
183260
183597
183590
183802
183572
183382
183764
183624
183548
183584
183618
183563
183777
183798
184190
183343
183832
183536
183700
183771
183991
183566
183777
183652
183731
183548
183594
183569
183361
183566
183518
183673
183768
183575
183361
183456
183472
183327
183411
183908
183746
183771
183315
183670
183752
183634
183438
183453
183692
183481
183585
183397
183734
183468
183768
183722
183508
183377
183578
215206
183557
183688
183801
183407
183524
183750
183636
183732
183762
183719
183753
183801
184043
183667
183894
183643
183612
183633
183789
183851
183593
183682
183649
184037
183633
183716
183557
183927
183615
183414
183682
183884
183480
183557
183820
183704
183440
183517
183566
183728
183747
183621
183991
183349
183582
183673
183624
183685
183593
183851
183735
183634
183774
183570
183808
183416
183680
183783
183288
183505
183682
183505
183823
183863
183930
183667
183863
183646
183637
184016
183544
184040
183835
183392
183508
183484
186698
183576
183319
183753
183768
183526
183783
183789
183841
183349
183890
183976
183737
183627
183233
183970
183639
183642
183596
183263
183484
183802
183664
183857
183792
183680
183355
186710
183487
183484
183642
183704
183444
183667
183829
183523
183413
183811
183805
183661
183591
183453
183266
183477
183759
183517
183380
183603
183468
183768
183444
183484
184049
183545
186833
183964
183627
183649
183462
183726
183517
183541
183554
183502
183768
183330
183474
183517
183955
183695
183358
183538
183756
183391
183551
183600
184068
183765
183698
183700
183670
186912
183780
183463
183431
183722
183606
183885
183744
183695
183523
183465
183529
183649
183682
183783
183710
183661
183478
183541
183624
183688
183450
183664
183609
184031
183585
183459
183872
183639
183398
183789
183612
183443
183643
183361
183270
183590
183443
183627
183489
183664
183599
183584
183753
183472
183753
183524
183634
183379
183976
183854
183884
183416
183756
183860
183899
183689
183395
183737
183505
183606
183553
183529
183609
183841
183652
183921
183646
183486
183566
183621
183517
183533
183646
183597
183514
183780
183728
183906
183603
183792
184015
183621
183594
183859
183410
183425
183536
183621
183370
183646
183633
183750
183254
183722
183741
184000
183600
183175
183670
183762
183793
183860
183560
183612
183725
183673
183954
183346
183413
183579
183759
183813
183526
183548
183269
183098
183713
183413
183787
183691
183615
183538
183496
183527
183695
183934
183526
184107
183682
183939
183514
183609
183508
183606
183618
183380
183667
183729
183168
183670
183985
183358
183441
183679
183073
183940
183732
183597
183490
183655
183551
183398
183511
183661
183218
183254
183218
183310
182967
183688
186967
216847
183395
183603
183648
183606
183535
183639
183420
183655
183658
183496
183710
183474
183664
183615
183893
183493
183887
183435
183771
183312
183156
183386
183823
183765
183321
186900
183529
183692
183642
183502
183649
183557
183701
183908
183692
183747
183551
183725
183563
183380
183572
183640
183462
183658
183747
183560
183924
183695
183759
183603
183425
183290
186854
183670
183597
183600
183377
183728
183802
183844
183438
183566
183706
183355
183573
183842
183958
183887
183377
183625
183462
183722
183456
183492
183878
183542
183630
183697
183609
186845
183801
183759
183707
183688
183639
183866
183737
183373
183606
183545
183480
183732
183446
183844
183756
183780
183618
183768
183646
183786
183524
183625
183897
183536
183453
183349
183891
183339
183775
183447
183789
183428
183796
183496
183731
183582
183814
183860
183915
183432
183729
183636
183303
183475
183667
183398
183713
183364
183801
183606
183593
183995
183579
183606
183563
183309
183594
183811
183536
183646
183575
183814
183487
183820
183615
183811
183777
183523
183802
183352
183600
183584
183355
183719
183590
183716
183743
183358
183319
183643
183658
184184
183642
183746
183799
183597
183273
183443
183603
183793
183594
183416
183254
183774
183661
183428
183508
183569
183680
183698
183563
183389
183495
183554
183535
183584
183768
183857
183774
183765
183489
183608
183493
183548
183961
183652
183413
183615
183860
183385
183777
184028
183624
183789
183566
183450
183798
183535
183538
183643
183701
183606
183676
183441
183523
183572
183450
183835
184041
183790
184086
183523
183588
183414
183499
183615
183593
183413
183744
183722
183495
183832
183737
183536
183686
183799
183808
183655
183377
183459
183590
183288
183527
183648
183294
183551
184107
183722
183511
183713
183790
183991
183379
183532
183985
183664
183536
183827
183569
183444
183888
183352
183578
183759
183514
183722
183655
183615
183606
183735
183609
183478
183719
183897
183398
184126
183682
183493
183496
183489
183835
184101
183829
183814
183612
183848
183536
183857
183839
183438
183906
183890
183526
183744
187204
183174
183376
183768
183606
183459
183759
183511
183380
183774
183692
183722
183316
184040
183218
183707
183462
183704
183239
183437
183379
184010
183691
183747
183723
183741
183652
187161
183707
183606
183293
183740
183492
183759
183382
183780
183673
183875
183756
183946
183719
183618
183557
183582
183578
183765
183789
183477
184046
183725
183747
183508
183429
183832
187093
183487
183637
183768
183560
183777
183713
214510
183569
183685
183465
183765
184058
183557
183465
183548
183465
183720
183716
183955
183367
183174
183444
183658
183909
183306
183548
186796
183759
183557
183288
183682
183737
183787
183649
183731
183551
183487
183477
183961
183646
183765
183743
183651
183270
183777
183624
183667
183896
183456
183636
183643
183738
183566
184004
183753
183593
183655
183671
183560
183749
183945
183465
183679
183401
183193
183398
183535
183545
183798
183893
183505
183212
183680
183587
183572
183841
183743
183900
183792
183398
183380
183749
183756
183343
183471
183642
183606
183823
183379
183630
183588
183594
183535
183643
183456
183799
183649
183682
183970
183768
183569
183437
184202
183915
183431
183370
183566
183441
183563
183211
183642
183955
183716
183698
183518
184163
183850
183801
183597
183964
183768
183725
183514
183407
183563
183850
183961
183627
183679
183563
183489
183474
183793
183530
183646
183729
183915
183456
183755
183698
183899
183542
183676
183765
183514
183793
183475
183606
183661
183667
183465
183575
183581
183401
183529
183710
183680
183386
183848
183789
183481
183465
183842
184092
183297
183924
183434
183646
183551
183410
183394
183747
183526
183688
184043
183698
183820
183368
183856
183799
183674
183465
183554
183453
183481
183747
183515
183667
183429
183505
183322
183600
183493
183162
183755
183288
183349
183704
183771
183572
183741
183866
183468
183554
183789
183419
183300
183535
183826
183683
183554
183469
183420
183368
183621
183422
183670
183667
183533
183456
183469
183254
183447
183462
183753
183499
183682
183792
183618
183460
183432
183920
183450
183416
183829
183903
183349
183453
183667
183667
183493
186863
183737
183566
183603
183496
183220
183729
183704
183554
183514
183633
183597
183697
183694
183570
183777
183560
183309
183747
183949
183285
183463
183777
183783
183621
183621
183703
186962
183912
183325
183847
183578
183400
183596
183536
183585
183423
183365
183377
183707
183683
183615
183615
183242
183943
183853
183544
183704
183811
183591
183220
183860
183692
183395
187072
183376
183651
183802
183786
183854
183505
184065
183820
183649
183477
183526
183322
183379
183685
183692
183597
183355
183462
183401
183658
183596
183431
183364
183566
183392
183545
186787
183447
183520
183557
183490
183349
183673
183346
183339
183726
183685
183392
183352
183686
183820
183597
183456
183753
183437
183370
183496
183358
183168
183269
183435
183741
183422
186625
183410
183468
183777
183554
183783
183453
183554
184065
183619
183539
183532
183349
183374
183239
183205
183270
183417
183903
183530
183670
184205
183609
183419
183729
183517
183652
187087
183581
183786
183618
183609
183138
183618
183438
183508
183716
183337
183486
183774
183434
183523
183312
183670
183599
183266
183737
183279
183493
183309
183579
183887
183688
183811
186769
183355
183493
183404
183456
183631
183624
183685
183468
183716
183450
183245
183272
183480
183554
183395
183670
183670
183529
183376
183526
183603
183930
183469
183661
183734
183606
183343
183297
183729
183420
183239
183680
183817
183600
183940
183654
183248
183619
183695
183633
183581
183719
183646
183584
183756
183735
183453
183741
184001
183976
183832
183269
214870
244043
183484
183728
183579
183548
183569
183486
183582
183704
183740
183823
183159
183597
184117
183471
183593
183321
183590
183401
183279
183603
183413
183532
183918
183419
183374
183431
183370
183845
183596
183676
183761
183826
183480
183602
183538
183827
183857
183471
183575
183841
183459
183493
183707
183673
183480
183425
183808
184022
183413
183413
183639
183578
187002
183710
183860
183463
183140
183621
183747
183811
183749
183667
183694
183514
184065
183465
183844
183774
183872
183706
183478
183560
183459
183428
183469
183483
183538
183009
183578
187038
183710
183364
183642
183538
183569
183245
183756
183475
183367
183936
183542
183725
183645
183539
183520
183609
183550
183453
183691
183383
183309
183502
183802
183609
183493
183380
186909
183756
183680
183639
183456
183349
183514
183600
183435
183423
183973
183468
183700
183732
183615
183703
183844
183475
183927
183747
183498
183318
183838
183453
183401
183505
183707
187109
183729
183902
183863
183483
183547
183542
183340
183425
183545
183486
183719
183645
183921
183771
183514
183515
183527
183992
183845
184423
183545
183716
183875
183728
183636
183376
199741
183630
183673
183658
183532
183930
183649
183600
183281
183630
183508
183389
183450
183740
183713
183774
183703
184080
183596
183554
183820
183839
183737
183658
183539
183866
183701
187610
183643
183551
183352
183557
183539
183722
183120
183383
183064
183334
183483
183489
183419
183591
183710
183487
183701
183820
183453
183411
183646
183783
183554
183511
183789
183652
183872
183444
183753
183502
183746
183811
183297
183804
183551
183336
183389
183508
183481
184001
183646
183789
183493
183493
183499
183798
183563
183600
183832
183649
212601
183710
187359
183312
183361
183312
183777
183697
183303
183484
183619
183728
183588
183658
183737
183407
183438
183342
183605
183547
183709
183600
183722
183551
183362
183890
183636
183440
183637
187032
183566
183187
183493
183511
183547
183232
183560
183584
183622
183597
183505
183422
183627
183872
183462
183866
183484
183569
183673
183313
183588
183781
183578
183581
183389
183667
186912
183505
183407
183581
183465
183780
183853
183606
183664
183838
183608
183664
183814
183462
183591
183472
183750
183618
183701
184303
183707
183594
183845
183554
183780
183688
183541
186959
183563
183578
183572
183882
183710
183882
183698
184019
183900
183542
183398
183395
183441
183838
183646
183361
183490
183887
183343
183817
183450
183505
183404
183518
184003
183676
183606
183722
183539
183609
183505
184043
183475
183502
183651
183468
183759
183431
183673
183468
183453
183258
183456
183805
183677
183777
183706
183582
183557
183860
183658
183542
183631
183634
183591
183487
183723
183429
183566
183735
183897
183452
183689
183466
183426
183645
183352
183731
183426
183740
183465
183676
183468
183312
183731
183322
183511
183786
183431
183838
310545
183358
183743
183741
184092
183710
183465
183536
183469
183811
182985
183535
183569
183514
183567
183735
183437
183624
183642
183789
183260
183376
183530
183829
183523
183746
186704
183471
183915
183636
183379
183636
183697
183536
183542
183395
183646
183774
183890
183713
183615
183511
183312
183701
183787
184007
183588
183918
183480
183352
183551
183811
183591
186790
183695
183530
183869
183523
183697
183569
183462
183594
183642
183368
183551
183389
183648
183848
183630
184044
183643
183484
183551
183627
183740
183697
183511
183453
183527
183490
186677
183688
183881
183694
183869
183664
183567
183627
196059
183545
183365
183484
183783
183321
183796
183554
183493
183523
183697
183572
183471
183918
183845
183628
183352
183787
183703
187891
183741
183985
183113
183557
183340
183713
183313
183481
183603
183594
183839
183639
183388
183419
183410
183700
183832
183842
183749
183438
183704
183340
183628
183560
183557
183709
187124
183667
183879
183649
183538
183530
183524
183566
183478
183640
183652
183514
183967
183829
183637
183605
183276
183710
183591
183973
183697
183606
183625
183453
183691
183753
183716
186793
183664
183801
183489
184007
183596
183443
183615
183692
183722
183358
183710
183147
183499
183719
183560
183703
183358
183740
183422
183606
183511
183346
183640
183441
183585
183615
183615
183865
183875
183658
184120
183514
183710
183526
183728
183872
183487
183334
183811
183691
183294
183588
183569
183753
183777
183680
183759
183802
183450
183667
183856
183645
183599
183401
183621
183673
183658
183349
183548
183670
183588
183514
183780
183260
183325
183260
183689
183695
183612
183786
183853
183627
183535
183469
183288
183392
183407
183572
183859
183700
183312
183560
183627
183609
183431
183688
183642
183854
183224
183679
183328
183343
183483
183483
183615
183536
183547
183435
183685
183600
183413
183667
183508
183227
183291
183771
183508
183572
183640
183536
183664
183584
183988
183282
183609
183633
183432
183456
183532
183395
183251
183486
183401
183875
183606
183303
183817
183594
183346
183857
183942
183582
183312
183578
183927
183536
183294
183686
184101
183928
183775
183521
183618
183771
183279
183612
183459
183741
183566
183428
183508
183639
184050
183392
183468
183606
183484
183527
183529
183921
187020
183753
183979
183382
183679
183719
183371
184025
183499
183532
183477
183621
183609
183756
183324
183900
183627
183814
183587
183530
183676
183560
183380
183493
183309
183799
183728
183312
183802
183621
183297
183676
183502
184018
183606
183560
183533
183563
183719
183373
183582
183407
183551
183269
183621
184004
183637
184142
183930
183615
183765
183820
183385
183471
183569
183579
183450
183823
183639
183878
183676
183943
183621
183588
183765
183591
183291
183756
183661
183576
183475
183790
183618
183627
183258
183652
183908
183881
183863
183789
183752
183374
183609
183248
183686
183358
183637
183578
183548
183750
183521
183844
183196
183671
183747
183646
183722
183463
183680
183426
183539
183593
183429
183755
183514
183517
183542
183496
183459
183269
183716
183373
183456
183429
183343
183585
183746
183465
183704
183746
183814
183336
183587
184040
183597
183764
183575
183997
183750
183324
183499
183431
184003
183679
183490
183737
183673
183710
183575
183386
183585
183389
183710
183434
183719
183814
184190
183655
183551
183545
183597
183713
183456
183420
183670
183624
183719
183603
183313
183759
183557
183697
183536
183410
183618
183645
183612
183447
183541
183645
183640
183609
183704
183578
183814
183529
183615
183275
183459
183661
183781
183704
183469
183896
183300
183462
183593
183591
187072
183407
183673
183655
183413
183431
244832
242528
244125
183300
183731
183671
183637
183900
183921
183459
183612
183438
183456
183579
183753
183762
183606
183450
183787
183949
183211
183946
183673
183379
183260
184062
183826
183340
183481
183737
183753
183683
183502
184043
184095
183676
183315
183362
183744
183469
183447
183698
183729
183365
183728
183319
183554
183401
183609
183630
183426
183563
183697
183695
183765
183441
183340
183628
183578
183526
183706
183404
183630
183602
183518
183839
183709
183273
183591
183530
183410
183495
183499
183493
183753
183734
184043
183508
183499
183410
183438
183722
183508
183835
184043
183358
183547
183278
183704
183371
183593
183395
183636
183777
183530
183508
183738
183698
183471
183380
183918
184021
183842
183563
183340
183517
183599
183230
183612
183627
183502
183719
183606
183738
183373
183400
183786
183652
183495
183541
183584
183526
183557
183349
183416
183894
183450
184009
183596
183429
183575
183633
183334
183673
183694
183722
183633
184040
183624
183765
183340
183578
183570
183385
183477
184034
183400
183841
183918
183600
183031
183502
183459
183530
183523
183688
183826
183294
183370
183664
183542
183563
183325
183658
183645
183603
183459
183478
183548
183897
183578
183514
183477
183677
183606
183355
183434
183603
183658
183474
183749
183496
186625
183428
183306
183526
184000
183802
183227
183520
183893
183355
183355
183511
183478
183915
183496
183429
183572
183541
183291
183778
183744
183285
183615
183190
183400
183520
183774
187209
183499
183217
183175
183297
183591
183912
184022
183484
183483
183401
183101
183297
183429
183533
183135
183676
183774
183361
183817
183275
183456
183676
183337
184040
183502
183425
186946
183554
183383
183398
183456
183725
183495
183756
183361
183441
183897
183462
183462
183648
183658
183553
183557
183554
183557
183631
183630
183395
183741
183572
183373
183820
183682
186768
183331
183820
183523
183371
183655
183854
183740
183682
183545
183600
183569
183379
183533
183707
183624
183321
183780
183777
183459
183444
183652
183798
183233
183853
183652
183397
186977
183343
183407
183529
183554
183670
183337
183480
183732
183701
183429
183640
183330
183373
212802
184059
183833
183676
183419
183496
183888
183493
183352
183639
183196
183358
183581
184196
183285
183817
183487
183716
183713
183413
183284
183756
183526
183719
183737
183541
183542
183633
183385
183630
183221
183499
183627
183545
183316
183172
183416
183389
184028
183178
183866
183652
183658
183823
183838
183621
183566
183762
183679
183936
183719
183624
183648
183541
183630
183676
183342
183226
183725
183933
183554
183728
183258
183419
183566
183511
183719
183475
183560
183716
183590
183392
183413
184019
183468
183973
183493
183557
183395
183704
183480
183398
183367
183866
183566
183379
183694
183655
183787
183823
183771
183750
183774
183930
183709
183654
183694
183750
183698
183481
183495
183205
183970
183755
183655
183288
183808
183716
183682
183783
183422
183600
183860
183508
183542
183860
183667
183750
183869
183566
183682
183701
183459
183799
183480
183478
183563
183328
183508
183701
183722
183829
183728
183694
183297
183309
183459
183498
183652
183682
183336
183667
183939
183655
183606
183701
183511
183447
183463
183609
183682
183713
183373
184077
183725
183453
183628
183731
183713
183199
183841
183829
184279
183801
183434
183716
183716
183866
183668
183389
183921
183505
183386
183180
183869
183386
183728
183361
183581
183624
183722
183768
183224
183637
183322
183325
183300
183618
183398
183756
183425
183511
183579
183450
183462
183771
183627
183532
183709
183841
183594
186720
183557
183572
183746
183514
183282
183441
184074
183389
183364
183599
183518
183670
183661
183337
183325
183242
183554
183484
183810
183514
183700
183569
183719
183545
183648
183469
187038
183355
183585
183759
183652
183496
183603
183667
183701
183842
183368
183355
183542
183851
183896
183587
183542
184083
183835
183820
183551
183529
183208
183177
183933
183450
183768
187539
183333
183725
183804
183908
183734
183671
183529
183624
183474
183422
183524
183673
183853
183734
183817
183554
183392
183585
183882
183548
183686
183624
183811
183593
183523
183710
187273
183493
183395
183444
183508
183441
183921
183472
183814
183853
183713
184000
183857
183449
183906
183495
183798
183664
183435
183796
183891
183609
183529
183153
183756
183615
183463
187347
183603
183554
183287
183575
183688
183585
183930
183496
183670
183450
183789
183811
183263
183685
183976
183499
183664
183753
183979
183661
183294
183422
183716
183535
183731
183615
186949
183524
183830
183820
183569
183446
183514
183486
183634
183401
183566
252369
183612
183621
183587
183401
183435
183501
183478
183453
183691
183327
183499
183639
183622
183682
183697
183762
183548
183462
183193
183597
183618
183995
183814
183550
183279
183691
183927
183731
183643
183612
184025
244243
244166
183826
183594
183639
183722
183539
183765
183716
183606
186754
183899
183590
183820
183526
183490
183242
183587
183902
183263
183477
183844
183725
183545
183670
183976
183749
183732
183792
183646
183539
183560
183499
183655
183420
184119
183386
186766
183682
183215
183609
183557
183443
183808
183808
183404
183557
183703
183817
183667
183569
183744
183682
184156
183695
183401
183548
183428
183597
183682
183318
183339
183640
183887
186999
183704
183622
183465
183578
184071
183475
183856
184263
183230
183761
184355
183327
183398
183710
183588
183582
183392
183692
183606
183753
183553
183550
183930
183752
183471
183789
187026
183741
183658
183649
183677
183915
183334
183649
183477
183801
184031
183471
183709
184347
183193
183605
183432
183392
183257
183426
183879
183337
183474
183333
183655
183946
183578
186903
183355
183753
183444
183851
183444
183557
183634
183557
183582
183612
183551
183725
183982
183777
183615
183637
183838
183781
183499
183844
183493
183651
183541
183856
183579
183499
187075
183618
183386
183612
183560
183596
183593
183581
183520
183597
183765
183777
183499
183648
183538
183447
183744
183582
183897
183386
183514
183465
183634
183691
183814
183722
183624
183976
183468
183496
183612
183615
183380
183774
183985
183573
183777
183866
184190
183878
184007
183401
183722
183536
183804
183646
183725
183554
183456
183940
183609
183468
183630
183472
183930
183346
183474
183930
183811
183431
183768
183588
183394
183943
183775
183175
183215
183744
183774
183615
183868
183391
183536
183511
183906
183814
183747
183670
183336
183386
183492
183422
183337
183789
183921
183860
183573
183752
183633
183875
183719
183964
183753
183780
184166
183587
183446
183646
183175
183581
183361
183798
183695
183777
183786
183900
183597
183677
183459
183447
183640
183590
183881
183508
183591
183753
183486
183587
183570
183542
183376
183704
183388
183312
183215
183502
183532
183795
183737
183432
184068
183365
183392
183671
183664
183594
183492
183567
183774
184117
183716
183499
183689
183245
183499
183793
183618
183844
183551
183645
183505
183554
183612
183508
183560
183912
183765
183438
183590
183848
183744
187038
183505
183585
183848
183694
183521
183456
183508
183756
183802
183572
183487
183566
183505
183753
184043
183986
183569
183817
183578
183358
183572
183842
183759
183419
183459
183361
186888
183963
183820
183801
183447
183682
183539
183530
183731
183263
183532
183533
183368
183734
183251
183478
183982
183691
183569
183988
183572
183884
183686
183643
183569
183578
183649
187288
183838
183254
183548
183621
183716
183655
183398
183386
183728
183297
183602
183765
183600
183652
183777
183747
183814
183801
183710
183239
183986
183845
183591
183533
183679
183817
257865
183829
183444
183679
183600
183814
183535
184196
183630
183746
183893
183478
183801
183594
183572
183316
184123
183331
183551
183612
183624
183741
183887
183875
183447
183988
183677
183948
183440
183799
183756
183337
183759
183683
183474
183386
183704
183593
183581
183370
183716
183697
183606
183701
184203
183489
183520
183621
184052
183588
183484
183881
183291
183903
183979
183625
184006
183606
183670
183573
183912
183389
183701
183563
183551
183566
184015
183649
183587
183496
183722
183343
183759
183667
183814
183530
183260
183637
183619
183759
183226
183603
183349
183835
183835
183523
183496
184055
183594
183777
184135
183738
183144
183511
183453
183355
183462
183529
183979
183591
183554
183392
183710
183370
183820
183474
183591
184111
183884
183535
183594
183854
183603
183771
183520
183713
183689
183771
183288
183677
183799
184019
183423
183876
183490
183942
183481
183548
183682
183679
183615
183380
183722
183475
183465
183980
183713
183478
183419
183486
183633
183483
183224
183643
183698
183468
183722
184089
183530
183533
183682
183380
183490
183587
183639
183988
183716
183343
183838
183890
183514
183618
183813
183593
183600
183808
183636
183410
183478
183710
183707
183434
183489
183526
183422
183593
183765
183535
183474
183435
183645
183673
183505
183441
183851
183539
183469
183490
183759
183719
183789
183582
183957
183208
183912
183762
183649
184010
183532
183716
183150
183753
183551
183570
183771
183796
183557
183572
183762
183588
183728
183483
183612
183462
183738
187255
183649
183615
183667
183707
183655
183233
183851
183450
183441
183866
183743
183584
183291
183796
183646
183642
183493
183450
183841
183337
183401
183373
183808
183572
184025
183679
186597
183544
183101
183686
183585
183472
183698
184236
183551
183566
183634
183842
183746
183447
183771
183661
183740
183622
183698
183447
183636
183863
183444
183508
183817
183450
183501
186879
183627
183527
183398
183581
183606
183667
183551
183401
183992
183557
183327
183636
183312
183505
183749
183447
183722
183606
183582
183906
183394
183789
243758
216664
184126
183612
245006
183725
183572
183358
183991
183606
184010
183288
183554
183896
183463
183612
183346
183352
183581
183686
183844
183422
183596
183759
184147
183602
183918
183468
183954
183640
183496
183334
183444
183737
183716
183533
183640
183542
183639
183327
183291
183480
183587
183426
183557
183701
183630
183575
183621
183658
183505
183731
183235
183383
183639
183771
183835
187083
183441
183591
183368
183756
183398
183258
183428
183976
183523
183710
183517
183539
183896
183688
183759
183554
183315
183884
183948
183661
183407
183603
183741
183321
183633
183838
187059
183694
183795
183609
183459
183367
183933
183700
183453
183443
183743
183602
183863
183398
183847
183413
183459
183982
183618
183318
183550
183578
183312
183349
183560
183624
183756
187221
183538
183810
183376
183505
183398
183655
183281
183643
183686
183434
183459
183728
183749
183462
183661
183780
183943
183636
183676
183548
183655
183624
183401
183538
183652
183594
187200
183579
183297
183315
183588
183576
183569
183630
183640
183814
183172
183976
183539
183704
183986
183579
183468
183444
183829
183441
183823
183588
183631
183676
183517
183392
183627
187347
183667
183609
183680
183749
183652
183615
183273
183621
183312
183814
183839
183658
183447
183645
183771
183517
183903
183508
183636
183578
183709
183465
183346
183802
183704
183939
187062
183738
183355
183600
183795
183732
183505
183395
183741
183854
183468
183679
183688
183652
183734
183954
183410
183848
183618
183432
183707
183478
183587
183639
183707
183514
183551
183991
183749
183471
183637
183572
183416
183578
183722
183689
183731
183634
183322
183407
183677
183440
183949
183689
183431
184028
183355
183508
183756
183606
183413
183551
183631
183937
183563
183618
183667
183535
183732
183695
183814
183279
183303
183909
183591
183728
183572
183768
183484
183545
183719
183566
183648
183970
183651
183741
183814
183300
183692
183361
183847
216052
183376
183588
183612
183554
183838
183450
183750
183492
183227
183502
183453
183884
183376
183394
183741
183680
183410
183447
183808
183741
183422
183554
183426
183823
183722
186961
183948
183866
183701
183930
183385
183437
183370
184083
183667
184031
184181
183957
183615
183394
183664
183508
183637
183446
183808
183365
183527
183285
183789
183517
183713
183826
186931
183618
183651
183416
183811
183474
183529
184013
183994
183578
183762
183361
183643
183352
183560
183422
184007
183554
183591
183948
183279
183346
183361
183465
183597
183789
183478
187072
183432
183764
183673
183646
183468
183621
183682
183772
183609
183472
183679
183762
183416
184089
183502
183425
183634
183567
183364
183532
183596
183523
183572
183719
183704
183557
187034
183648
183799
183838
183554
183520
183884
183533
183884
183578
183735
183615
183792
183557
183768
183324
183536
183618
183808
183679
183545
183557
183652
184019
183988
183548
183722
186983
183511
183652
183325
183472
183373
183548
183756
183765
183811
183279
183854
183346
183560
183422
183991
183609
183692
183970
183545
183722
183609
183670
184142
183364
183697
183679
186943
183469
184169
183636
183642
183609
183224
183774
183475
183798
183447
183713
183625
183973
183330
183634
183426
183811
183496
183596
183478
183517
183795
183790
183560
183612
183395
183722
183269
183606
183581
213265
183765
183841
183798
183523
183361
183587
183695
183505
183655
183413
183777
183619
183823
183731
183713
183670
183413
183924
183575
183527
183793
183212
183628
183585
183569
183401
183636
183695
183416
183358
183233
183573
183324
183811
183847
183713
183548
183526
183469
183905
183398
183664
183444
183499
183129
184028
183915
183750
183640
183927
183428
183734
183694
183793
183600
184062
183456
183490
183346
183661
184064
183786
183811
183814
183774
183394
183551
183710
183422
183303
183567
183701
183832
183493
183303
183762
183532
183591
183695
183248
183432
183738
183802
183621
183887
183413
183728
183633
183417
183664
183667
183575
183593
183582
183431
183890
183826
183948
183609
183591
183413
183410
183814
183692
183590
183645
183738
184040
183520
183826
183468
183747
183728
183447
183383
183960
183627
183557
183407
183505
183499
183737
183453
183741
183634
184089
183744
183606
183465
186848
183704
183416
183802
183808
183805
183670
183732
183634
183634
183743
183581
183377
183777
183355
183664
183918
183878
183634
183695
183642
183379
183576
183759
183518
183728
183429
186937
183407
183535
183578
183386
183674
183860
183654
183563
183667
184172
183529
183719
183964
183823
183817
183475
183652
183422
183266
183765
183560
183422
183691
183679
183401
183701
186894
183566
183541
183817
183263
183352
183511
183536
183434
183732
183361
183795
183691
183933
183462
183288
183174
183738
183890
183597
183979
183242
183328
183551
183664
183526
183591
187010
183520
183459
183781
183560
183752
183554
183539
183683
184022
183765
184010
183463
183615
184040
183554
183297
183667
183707
183792
183676
183667
183505
183732
183716
183486
183802
183799
183799
183734
184105
183698
183734
183432
183551
183921
183750
183116
183511
183581
183676
183664
183774
183563
183416
183389
183477
183444
183385
183863
183707
183814
183324
183820
183670
183664
183667
183982
183759
183352
183851
183674
183704
183609
183777
183309
183585
183649
183851
183679
183976
183609
183331
183514
183679
183885
183591
183371
183844
183551
183740
183557
183899
183535
183854
183495
183600
183841
183768
183303
183364
183615
183538
183664
183615
183573
183954
183211
183545
184169
183459
183661
183505
183771
183474
183618
183618
183704
183386
183481
183912
183407
183199
183606
183694
183798
183505
183230
183475
183303
183942
183300
183875
183484
183465
183897
183688
183211
183410
183312
183991
183738
183652
183603
183575
183548
183802
183734
183551
183789
183802
183251
183420
183588
183688
183896
183376
183260
183859
183321
183642
183432
183646
183652
183704
183483
183523
183432
183704
183082
183701
187335
183371
183581
183734
183615
183618
183787
183551
183725
183731
183517
183804
183786
183603
183410
183707
183624
183781
183789
183560
183679
183466
183398
183560
183303
183719
183661
186873
183683
183523
183615
183413
183600
183609
183744
183716
183444
183358
183437
183499
183618
183325
183410
183505
183664
183936
183496
183603
183631
183602
183596
183529
183450
183585
186717
183554
183722
183426
183578
183101
183499
183860
183547
183413
183355
183496
183462
183728
183750
184016
183355
183327
183300
183535
183554
183778
183713
183594
183786
183462
183557
183710
183630
183419
183893
183459
183646
183557
183716
183508
183780
183955
183652
183726
183498
183423
183380
183373
183389
183535
183542
183645
183542
183688
183499
183796
183700
183468
183521
183575
183878
183499
183933
183976
183603
183753
183734
183566
183612
183462
183591
183156
183716
183444
183444
183743
183820
183642
183258
183346
183676
183242
183230
183478
183419
183774
183664
183407
183545
183563
183719
183282
183683
183432
183777
183438
183881
183697
183746
183306
183536
183560
183921
183780
183596
183437
183548
183692
183762
183728
183661
184050
183606
183478
183988
183860
183416
183778
183514
183493
183841
183438
183930
184034
183490
183165
183404
183664
183658
183707
183566
183676
183447
183689
183517
183936
183563
183584
183667
183325
183590
183514
183688
183587
183682
183469
183422
183622
183618
183615
183469
183676
183960
183349
183349
183468
183740
183392
183300
183330
183875
183686
183915
183593
183780
183866
183710
183490
183737
183621
183572
183361
183591
183487
183698
184006
183560
183478
183820
183677
183710
183655
183756
183615
183419
183569
183511
183520
183640
183704
183466
183594
187433
183578
183526
183615
183521
183936
183493
183560
183878
183890
183723
183410
183900
183434
183566
183615
183844
183627
183435
183725
183450
183560
183407
183688
183426
183771
183511
186784
183493
183233
183783
183526
183411
183202
183890
183107
183202
183548
183679
183646
183707
183795
183435
183826
183404
183189
183591
183413
183386
183930
183211
183502
183783
183556
186903
183389
183590
183203
183823
183416
183404
183578
183942
183933
183597
183609
183575
183692
183716
183903
183420
183376
183731
183790
183395
183450
183523
183811
183707
183982
183735
187273
183530
183615
183811
183468
183755
183477
183691
183056
183220
183612
183787
183712
183740
183713
183462
183407
183154
183508
183166
183404
183569
183808
183373
183784
183272
184009
219253
183829
183367
183432
183511
183759
183735
183563
183609
183609
183527
183386
183906
183826
183746
183596
183578
183557
183783
183358
183572
183539
183542
183230
183508
183631
183300
183541
183297
183780
183792
183242
183600
183489
183377
183909
183719
183465
183600
183645
183434
183713
183544
183505
183759
183762
183474
183591
183655
183417
183872
183532
183496
183523
183823
183741
183642
183753
183371
183505
183481
183560
183801
183731
183397
183596
183333
183428
183585
183658
183429
183743
183734
183912
183679
183581
183496
183811
183701
183633
183413
183478
183447
183596
183903
183679
183569
183688
183410
183600
183652
183529
183490
183422
183569
183450
183627
183664
183423
183590
183554
183863
183486
183527
183530
183474
183685
183548
183493
183673
183655
183780
183621
183799
183710
183349
183478
183318
183692
183355
183386
183480
183542
183376
183272
183802
183792
183597
183789
183695
183909
183603
183566
183720
183862
183573
183395
183830
183627
183410
183654
183489
183771
183456
183581
183796
183691
183520
183367
183548
183596
183328
183759
183505
183624
183398
183446
183401
183642
183836
183768
183462
183758
183355
183104
183478
183373
183306
183330
183511
183838
183805
183465
183517
183530
183649
183667
183658
183606
183487
183661
183863
183903
183162
183729
183707
183648
183728
183449
183758
183674
183484
183560
183628
183679
183639
183860
183380
183896
183615
183316
183625
183551
183578
183514
183725
183594
183554
183652
183123
183991
183731
183701
183532
183719
186558
183857
183735
183673
183582
183505
183645
183750
183316
183517
183624
183429
183961
183808
183587
183545
183863
183551
183704
183600
183612
183741
183535
183811
183452
183291
183618
187243
183450
183860
183346
183556
183695
183636
183731
183339
183569
183453
183801
183450
183796
183551
183667
183713
183612
183471
183704
183410
183432
183563
183667
183643
183817
183368
186812
183704
183585
183593
183502
183550
183732
183545
183514
183679
183609
183456
183475
183208
183416
183383
183603
183619
183829
183646
183673
183428
183866
183719
183395
183309
183184
187035
183869
183894
183673
184007
183783
183903
183878
183793
183630
184044
184119
183621
183741
183551
183444
183465
183554
183682
184105
183230
183490
183621
183692
183594
183726
183698
186811
183582
184055
183636
183888
251635
229881
183631
183683
183740
183808
183483
183578
183694
183542
183505
183548
183658
183692
183529
184102
183594
183395
184028
183639
183600
187138
183750
183554
183456
183848
183643
183514
183646
183685
183692
183447
183856
183740
183429
183759
183955
183566
183514
183581
183676
183643
183661
183833
183664
183676
183707
183729
186858
183440
183725
183688
183624
183700
183652
183462
183480
183765
183750
183612
183572
183615
183842
183449
183731
183585
183379
183254
183661
183468
183288
183603
183386
183489
183570
186903
183493
183661
183805
183300
183606
183401
183609
183374
183637
183716
183649
183272
183639
183768
183242
183550
183364
183560
183493
183862
183603
183523
183383
183826
183642
183698
186634
183755
183627
183261
183615
183676
183915
183869
183487
183661
183804
183670
183722
183370
183355
183706
183615
183597
183655
183535
183404
183523
183673
183606
184044
183560
183585
186643
183493
183777
183753
183694
183511
183328
183860
183719
183792
183419
183731
183787
183688
183619
183493
183481
183872
183514
183474
183756
183716
183618
183410
183582
183625
183798
183781
183245
183441
183866
183539
183312
183508
183383
183576
183392
183657
183820
183529
183691
183820
183333
183649
183728
183955
183557
183802
183826
183496
183798
183627
183514
183432
183591
183615
183885
183532
183444
183594
183453
183536
183887
183817
183362
183484
183300
183652
183762
183361
183542
183493
183486
183661
183313
183811
183432
183848
183288
183456
183682
183768
183490
183655
183946
183857
183352
183557
183597
183557
183554
183774
183698
183156
183496
184043
183483
183324
183753
183976
183621
183471
183639
183471
183697
183603
183661
183512
183486
183722
183798
183630
183652
183686
183535
183637
183569
183670
183477
183362
183691
183487
183355
183688
183621
183542
183594
183502
183404
183820
183603
183805
183446
183554
183942
183446
183361
183505
183557
183511
183542
183432
183483
183924
183514
183331
183740
183639
183737
183747
184101
183318
183888
183411
183976
183673
183413
183744
183239
183569
183698
183777
183499
183722
183606
183453
183414
183557
183386
183692
183582
183557
183673
183847
183526
183520
183762
183781
183453
183744
183615
183765
183667
183309
183682
183563
183475
183737
183312
183664
183646
183294
183459
183538
183603
183346
183746
183450
183379
183811
183683
183813
183428
183404
183545
183214
183771
183429
183640
183578
183538
183557
183248
183557
183291
186992
183816
183361
183468
183777
183875
183680
183493
183879
183147
183868
183456
183486
183823
183688
183955
183869
183600
183765
183462
183732
183799
183493
183713
183624
183634
183564
217828
183379
183808
183811
183826
183364
183318
183440
183435
183533
183615
183642
183737
183612
183842
183787
183707
183367
183682
183037
183548
183918
183547
183863
183606
183618
183398
258795
183655
183398
183744
183848
183603
183781
183713
183710
183830
183456
183976
183624
183536
183515
183655
183570
183377
183951
183413
183596
183618
183694
183823
183814
183544
183882
216745
183425
183239
183495
183594
183395
183563
183652
183371
183726
183661
183771
183355
183612
183358
183694
183361
183679
183728
183680
183520
183823
183836
183726
183282
183377
183570
183273
183679
183581
183572
183498
183499
183364
183462
183532
183511
183566
183630
183758
183456
183774
183747
183838
183622
183481
183728
183557
183530
183508
183474
183728
183426
186922
183474
183392
183575
183481
183646
183548
183667
183628
183802
183404
183707
183232
183905
183655
183615
183391
183597
183768
183382
183536
183765
183459
183603
183208
183698
183563
186800
183597
183453
183911
183551
183667
183698
183371
183554
183765
183544
214899
183419
183535
183462
183505
183903
183321
183340
183462
183588
244645
213719
183542
183906
183719
183655
183202
183734
183677
183826
183792
184004
183633
183942
183888
183578
183420
184080
183600
183591
183676
183798
183591
183495
183469
183630
183768
183640
183762
184132
183612
183792
183786
183585
183737
183278
183683
183771
183401
183600
183468
184028
183835
183719
183673
183994
183765
183716
183593
183875
183973
183700
183407
183444
183508
183716
183992
183643
183670
186998
183603
183505
183839
183596
183416
183453
183508
183627
183480
183413
183784
183704
183609
183517
183428
183578
183496
183774
183633
183786
183762
183783
183529
183798
183569
183746
186763
183168
183388
183600
183636
183692
183805
184016
183453
183676
183652
183661
183832
183594
183260
183743
183817
183722
183554
183606
183523
183395
184080
183670
183508
183817
183615
186947
183807
183621
183692
183606
183585
183630
183829
183496
183688
183520
183257
183859
183637
183884
183657
183582
183784
183398
183566
183750
183450
183600
183383
183636
183367
183349
187218
183695
183368
183533
183499
183740
183539
183615
183725
183698
183658
183710
183459
183713
183649
183948
183845
183667
183407
183435
183814
183493
183538
183414
183554
183905
183692
186748
183716
183542
183621
183701
183608
183799
183398
183579
183321
183753
183713
183438
183725
183758
183700
183704
183291
183401
183691
183578
183368
183768
183609
183847
183765
183533
187298
183520
183526
183590
183685
183383
183771
183829
183582
183553
183575
183643
183722
183395
183643
183605
183652
183459
183658
183744
183566
183230
183795
183716
183771
183661
183481
183664
183345
183523
183380
183327
183958
183287
183364
183254
183370
183597
183319
183866
183291
183630
183285
183233
183582
183603
183505
183826
183667
183538
183789
183386
183734
183639
183502
183459
183768
183686
184025
183771
183792
183419
183668
183839
183587
183468
183752
183566
183560
183300
183866
183331
183572
183429
183820
183725
183394
183701
183697
183967
183744
183425
183841
183872
183667
183786
183774
183731
183713
183734
183915
183924
183581
183444
183612
183793
183750
183619
183921
183670
183728
183535
183459
183731
183646
183768
183570
183480
183633
183584
183664
183725
183752
183572
183489
183224
183517
183591
183389
183673
183431
183814
183484
183440
183881
183799
183832
183731
183903
183640
184004
183750
183682
183542
183147
183771
183630
183636
184022
184037
183550
183597
183426
183881
183542
183603
183735
183288
183581
183924
183707
183557
183572
183755
183374
183490
183628
183407
183508
183661
183799
183646
183716
183637
183836
183413
183541
183654
183380
183631
183346
183832
183502
183526
183435
183548
183554
183294
183707
183404
183487
183979
183625
183382
183493
183771
183860
183606
183336
183441
183358
183499
183419
183297
183668
183404
183392
183539
183471
183710
183697
183762
183495
183523
183490
183633
183734
183431
183392
183612
183566
183254
184263
184184
183493
186693
183603
183551
183333
183753
184004
183569
183643
183505
183985
183429
183428
183428
183820
183802
183426
183774
183670
183527
183857
183621
183333
183328
183123
183432
183777
183701
186824
183716
183594
183275
183539
183456
183404
183689
183551
183524
183894
183594
183658
183701
183481
183453
183835
183826
183710
183792
183801
184049
183777
183493
183483
183440
183398
186928
183817
183691
183333
183786
183707
183707
183303
183346
183835
183325
183609
183741
183719
183728
183432
183878
183493
183793
183661
183521
183850
183395
183417
183841
183376
183407
187102
183514
183627
183487
183664
183762
183756
183239
183416
183725
183725
183444
183426
183484
183560
183581
183487
183805
183713
183550
183444
183630
183606
183487
183548
183462
183853
187084
183423
183322
183909
183279
183851
183945
183575
183612
183664
183306
183612
183912
183530
183407
183744
183630
183749
183765
183352
183547
183493
183440
183682
183749
183691
183248
187494
183603
183539
183505
183875
183937
184004
183710
183560
183563
183456
183774
184022
183783
183817
183795
183217
183725
183515
183582
183483
183368
183615
183532
183590
183266
183389
186860
184202
183288
183379
183643
183493
183731
183703
183664
183309
183474
183340
183487
183496
183603
183628
183524
183590
183783
183762
183266
183697
183429
183602
183590
183389
183676
183567
183713
183722
183190
183673
183310
183793
183563
183520
183732
183423
183578
183596
183878
183416
183845
183492
183961
183612
183697
183447
183496
183658
183172
183486
183642
183319
183729
183572
183407
183744
183282
183991
183471
183740
183768
183646
183584
183933
183838
183542
183637
183413
183621
183799
183553
183673
183618
183633
183575
183521
183758
184068
183569
184028
183826
183655
183710
183945
183291
183624
183621
183538
183640
183628
183814
183787
183612
183536
183495
183743
183719
183655
183579
183585
183691
183572
183713
183670
183655
239425
183722
183667
183411
183958
183872
183536
183655
183768
183517
183752
183359
183547
193813
183642
183646
183404
183505
183422
183844
183594
183416
183854
183888
183725
183493
183553
216203
183477
183795
183560
184104
183786
183777
183474
183691
183603
183658
183578
183385
183820
183655
183912
183636
183765
183648
183899
183539
183563
183682
183674
183906
183918
183612
183468
183465
183401
183544
183789
183453
183466
183664
184004
183799
183734
183780
183706
183533
183808
183575
183603
183869
183493
183446
183741
183960
183609
183857
183343
183936
187454
183701
183282
183960
183269
183587
183891
183857
183743
183774
183438
183407
183704
183397
183449
183676
183398
183517
183578
183569
183538
183664
183955
183796
183633
183590
183572
188950
183569
183496
183915
184153
183474
183683
183966
183673
183774
183640
183664
183826
183682
183532
183722
183465
183789
183459
183358
183431
183692
183967
183860
183315
183989
183514
187417
183594
183652
184055
183786
183735
183468
183811
183508
183677
183560
184111
184147
183829
183618
183787
183389
183327
183756
183673
183823
183964
183622
183553
183729
183676
183377
187243
183367
183694
183627
183462
183532
183425
183422
184178
183830
183722
183615
183318
183655
183686
183532
183921
183866
183707
183306
183750
183349
183450
183554
183768
183600
183489
187068
183793
183744
183553
183438
183621
183732
183533
183698
183621
183655
183746
183535
183511
183661
183621
183960
184224
183496
183643
183698
183631
183573
183492
183444
183392
183242
187246
183640
183707
183514
183441
183591
183514
183774
183664
183658
183603
183679
183628
183664
183661
183756
183646
183508
183416
183410
183474
183358
183382
183465
183627
183557
183456
183380
184062
183774
183227
183640
183523
183370
183523
183566
183731
183395
183544
183924
183539
183068
183572
183205
183744
183560
183722
183444
183573
183481
183511
183704
183841
183486
183894
183566
183248
183563
183535
183811
183695
183333
183771
183401
183582
183444
183425
183386
183621
183762
183557
183557
183575
183434
183820
184037
183443
183404
183823
183621
183502
183398
183860
183141
183612
183511
183576
183609
183829
183986
183542
183376
183707
183337
183609
183392
183379
183441
183728
183407
183309
183569
183606
183673
183582
183664
183410
183640
183670
183493
183391
183346
183535
183563
183297
183542
183643
184004
183594
183355
183515
183787
183697
183917
183863
183578
183802
183453
183740
183636
183232
183896
183734
183533
183682
183407
183685
183560
183750
183358
183652
183413
183658
183422
183930
184000
183670
183685
183615
183670
183777
183648
183383
183404
183383
183475
183398
183706
183431
183450
183257
183799
183487
183600
183260
183263
183734
183545
183481
183468
183587
183710
183443
183382
183756
183505
183554
183808
183233
183572
183774
183370
183603
183236
183759
183456
183465
183783
183694
183784
183337
183419
183563
183524
183719
183645
183171
183710
183842
183238
184294
183269
183664
183628
183606
183838
183438
183428
183508
183710
183456
183612
183709
183505
183783
186591
183450
183334
183536
183790
183817
183551
183486
183912
183336
183496
183499
183502
183578
183758
183279
183661
183367
183327
183612
184205
183719
183477
183719
183456
183419
183499
187282
183474
183322
183649
183517
183689
183633
183154
183778
183505
183316
183774
183517
183487
183514
183530
183639
183428
183633
183288
183321
183795
183576
184028
183679
183671
183584
187090
183868
183593
183640
183676
183740
183628
183429
183468
184022
183743
184120
183701
183934
183594
183780
183444
183621
183086
183599
183512
183753
183700
183542
183707
183337
183566
187249
183839
183817
183535
183850
183585
183664
183582
183894
183991
183502
183771
183584
183835
183413
183802
183716
183970
183572
183496
183594
183594
183450
183431
183538
183600
183646
187102
183609
183615
183908
183844
183896
183615
183496
183226
183698
183425
183563
183505
183927
183356
183478
183499
183318
183985
183591
183560
183707
183554
183459
183697
183209
183603
187344
183885
184010
183501
183631
183631
183756
183698
183444
183545
183389
183814
183474
183468
183612
183621
183551
183379
183401
183498
183735
183646
183691
183737
183453
183735
183597
187093
183484
183673
183502
183557
183661
183692
183786
183713
183691
183477
184196
183575
183227
183839
183524
183380
183416
183352
183554
183698
183359
183300
183573
183680
183514
183472
183639
183355
183572
183817
183759
183637
183615
183606
183860
183385
183890
183229
183548
183459
183845
183777
183502
183746
183774
183609
183556
183679
183548
183312
183475
183511
183789
183526
183844
184015
183639
183618
183138
183755
183937
184105
183805
183783
183471
183749
183625
183692
183456
183970
183536
183707
183735
183833
183508
183514
183511
183670
183624
183600
183443
183676
183946
183859
212137
184037
183496
183502
183838
183792
183633
183499
183340
183514
183576
183584
183560
183569
183422
183425
183331
183716
183570
183279
183768
183486
186952
183863
183664
183830
183377
183603
183554
183838
183486
183820
183477
183477
183251
183646
183385
183636
183453
183382
183383
183487
183746
183664
183031
183266
183609
183157
183976
186637
183670
183700
183377
183726
183789
183848
183554
183337
183499
183520
183670
183395
184001
183651
183738
183511
183480
183456
183566
183480
183456
183514
183927
183685
184138
183634
186805
183888
183838
183710
183885
183603
183799
183655
183695
183578
183358
183502
183520
183529
183759
183395
183756
183487
183755
183756
183698
183817
183694
183319
183520
183545
183309
186946
183542
183398
183435
183380
183602
183355
183682
183386
183511
183327
183704
183272
183817
183477
183826
183841
183674
183826
183569
183465
183417
183343
183508
183649
183588
183744
183713
183527
183092
183612
183599
183630
183807
183569
183609
183435
183303
183496
183462
183695
183560
183472
183909
183777
183716
183514
183777
183713
183471
183685
183211
183890
183694
183664
183325
183970
183579
183536
183796
183334
183597
183768
183734
183527
183860
183634
183453
183832
183759
183508
183642
183655
183783
183490
183621
183578
183392
183661
183382
183423
183859
183478
183156
183517
184328
183676
183875
183420
183671
183316
183566
183860
183747
183600
183734
183569
183316
183429
183551
183496
183596
183667
183596
183548
183490
183343
183340
183869
183364
183248
183661
183346
183331
183676
183630
183621
183386
183496
183594
183447
183264
183450
183493
183872
183478
183343
183248
183089
183499
183499
183747
183141
183487
183688
212154
183371
183612
183698
183713
183844
183538
183373
183377
183652
183692
183272
183765
183490
183208
183284
183575
242860
183605
183600
183483
183395
183774
183909
183334
183677
186964
183774
183839
183802
183774
183358
183438
183456
183499
183755
183848
183691
183679
183514
183557
183582
183885
183456
183640
183612
183664
183838
183697
183645
184215
183857
183456
187154
183392
183744
183716
183810
183756
183242
183469
183389
183780
183728
183651
183939
183756
183706
183508
183352
183196
183483
184001
244318
183597
183615
183786
183539
183795
183731
186946
183704
183315
183667
183955
183266
183628
183579
183695
183453
183817
183450
183560
183560
183474
183664
183673
183603
183358
183490
183557
183401
183753
183576
183404
183474
183826
183692
184095
183532
183551
183162
183637
183823
183481
183954
184058
183802
183804
183499
183462
183744
183526
183967
183985
183529
183722
183667
183545
183649
183780
183637
183382
183438
183633
183761
183701
183621
183440
183490
183529
183697
184043
183701
183860
183511
183847
183725
183563
183784
183738
183630
183685
183310
183597
183698
183774
183557
183358
183692
183676
183370
183753
183731
183875
183734
183615
183802
183428
183578
183535
183637
183609
183967
183609
184068
183615
183639
183517
183798
183437
183695
183701
183841
183502
183732
183426
183481
183379
183563
184022
183845
183780
183777
183652
183805
183407
183725
183667
183322
183450
183853
184004
184000
183563
183588
183593
183695
183508
183661
183236
183719
184049
183578
183710
183854
183447
183615
183557
183538
183490
183566
183716
183679
183386
183857
183826
183814
183569
183386
183328
183554
183915
183563
183704
183885
183631
183551
183450
183768
183193
183664
183511
183628
183508
183701
183334
183566
183468
183805
183958
183487
183631
183374
183738
183560
183625
183716
183496
183759
183594
183609
183685
183680
183734
183398
183801
183750
187635
183572
183483
183618
183985
183535
183582
183621
183462
183624
183881
183934
183637
183551
183498
183431
183725
183884
184016
183722
183866
183679
183674
183691
183597
183416
183438
187267
183484
183612
183976
184098
183637
183878
183740
183729
183288
183700
183541
183456
183591
183643
183512
183670
183469
183511
183811
183429
183496
183294
183493
183839
183492
183683
187010
183471
183976
183655
183640
183842
183423
183603
183587
183346
183838
183575
183612
183682
183490
183484
183385
183820
183563
183386
183716
183474
183530
183686
183682
183756
183554
186873
183661
183631
183502
183584
183340
183786
183652
184083
183802
183425
183566
183502
183578
183689
183463
183603
184019
183691
183887
183401
183413
183389
183444
183664
183671
183541
187066
244062
183609
183581
183700
183478
183156
183444
183921
183927
183533
183374
183685
183625
183328
183706
183677
183285
183545
183750
183545
183734
183612
183853
183236
183358
183646
183872
183422
183943
183419
183575
183588
183667
183643
183465
184053
184007
183716
183416
183875
183566
183370
183688
183755
183869
183801
183951
183517
183734
183462
183960
183887
183621
183762
183881
183609
183664
183465
183413
183428
183759
183664
183450
212298
183340
184132
243461
183838
183759
183633
183798
183750
183593
183973
183511
183229
183364
183411
183380
186585
183319
183505
183477
183899
183631
183853
183731
184077
183967
183845
183541
183630
183600
183603
183777
183560
183459
183869
183373
183466
183710
183435
183401
183214
183466
183802
186732
183771
183835
183508
183511
183689
183643
183694
183701
183783
183315
183563
183847
183658
183392
183318
183624
183639
183625
183707
183664
183471
183432
183722
183447
183615
183557
186814
183630
183468
183493
183588
183655
183679
183937
183541
183248
183487
183624
183964
183921
183489
183297
183793
183444
183593
183649
243733
183710
183391
183474
183498
183850
183495
187384
183655
183532
183866
184004
183651
183701
183853
183967
183789
183701
183358
183832
183627
183538
183630
183584
183579
183780
183670
183630
183563
183572
183477
183645
183511
183248
183735
183670
183388
183588
183291
183313
183520
183636
183524
183487
183355
183386
183664
184031
183465
184037
183477
183560
183526
183511
183615
183517
183765
183548
183597
183419
183636
183964
183615
183514
183606
183639
183508
183627
183376
183652
183664
183410
183998
183554
183123
183397
183701
183652
183682
183847
183590
183462
183627
183606
183597
183759
183462
183749
183679
183502
183391
183634
183438
183637
183368
183315
183447
183536
183499
183462
183600
183572
183499
183306
183652
183389
183569
183789
183793
183226
183673
183872
183150
183569
183572
183759
183512
183493
183642
183921
183511
183529
183560
183646
183618
183321
183985
183747
183465
183373
183670
183560
183352
183808
183719
183896
183677
183432
183643
183737
183279
183456
183801
183288
183854
183655
183551
183697
183689
183778
183495
183447
183502
183373
183499
183560
183322
183566
183432
183682
244281
183554
183321
183236
183606
183752
183667
183227
187537
183293
183645
183416
183652
183165
183456
183719
183505
183520
183584
183539
183636
183860
183490
183361
183413
183848
183845
183563
183768
183551
183645
183536
183401
183801
183413
187093
183557
183428
183325
183337
183964
183379
183382
183725
183578
183383
183398
183820
183566
183560
183743
183358
183627
183618
183267
183621
183487
183545
183566
183673
