161619
161610
161374
161393
161350
161359
161435
161283
161255
161457
161555
161246
161576
161301
161277
161295
161375
161555
161528
161191
161707
161466
161389
161212
203401
161631
161221
161484
161389
161368
161169
161289
161506
161405
161448
161337
161372
161362
161360
161273
161377
161460
161090
161323
161133
161472
161161
161347
161420
161340
161341
161482
161485
169890
161353
161399
161325
161381
161279
161176
161077
161509
161386
161502
161417
161484
161350
161292
161500
161555
161335
161497
161264
161705
161179
161059
161139
161524
161325
161396
161185
161518
168183
161601
161414
161240
161564
161059
161907
161344
161503
161286
161209
161148
161564
161392
161380
161656
161995
161157
161344
161475
161713
161194
161625
161432
161224
161438
161294
161607
161282
161524
161271
161384
161470
161242
161175
161286
161304
161644
161258
161739
161646
222903
161414
161537
161579
161289
161503
161218
161228
161298
161316
161286
161175
161509
161368
161469
161482
161509
161543
161444
161429
161469
161497
161276
161369
161368
161322
161604
161161
161340
161359
161368
161638
161656
161506
161386
161365
161338
161488
161414
161341
161283
161222
161414
161448
161607
161231
161249
161487
161512
161450
161521
161714
161310
161515
161432
161478
161625
161481
161521
161546
161493
161478
161537
161298
161420
161268
161647
161558
161277
161463
161359
161417
161622
161365
161387
161362
164791
161485
161473
161338
161490
161219
161319
161512
161438
161154
161417
161622
161760
161733
161772
161570
161307
161249
161276
161392
161399
161500
161362
161197
161222
161261
161268
161209
161502
164500
161378
161371
161570
161571
161521
161415
161586
161326
161240
161405
161628
161439
161781
161380
161375
161295
161310
161655
161475
161512
161772
161524
161215
161408
161603
161469
161916
161332
164754
161744
161757
161683
161240
162005
161613
161509
161466
161649
222068
222670
222386
161405
161375
161540
161310
161301
161603
161610
161304
161310
161077
161634
161332
161524
161447
161368
161326
164797
161377
161188
161445
161518
161491
161469
161561
161264
161362
161237
161983
161041
161689
161723
161173
161340
161369
161206
161472
161230
161607
161478
161585
161588
161331
161249
161056
161524
164855
161564
161598
161371
161368
161417
161479
161451
161399
161387
161368
161435
161258
161258
161368
161435
161508
161420
161314
161298
161270
161426
161408
161499
161396
161136
161225
161684
161408
161414
161445
161362
161258
161592
161264
161487
161178
161487
161601
160940
161175
161429
161531
161610
161527
161525
161286
161646
161438
161539
161610
161527
161735
161154
161473
161522
161384
161530
161374
190481
161509
161500
161158
161405
161212
161442
161402
161503
161311
161655
161475
161472
161806
161393
161441
161453
161689
161291
161366
161224
161209
161356
161099
161423
161686
161331
161531
161472
161491
161234
161588
161506
161308
161295
161405
161414
161301
161482
223116
222459
161494
161631
161185
161151
161420
161484
222468
161576
161481
161294
161307
161289
161481
161295
161469
161384
165027
161417
161316
161598
161405
161411
161396
161522
161573
161359
161533
161506
161925
161334
161188
161543
161194
161482
161567
161368
161313
161579
161041
161435
161218
161441
161227
161451
161393
164724
161163
161704
161310
161246
161423
161497
161693
161163
161139
161479
161592
161093
161392
161279
161102
161704
161172
161665
161659
161564
161589
161326
161301
161479
161427
161426
161310
161188
161698
161344
161414
161310
161286
161496
161417
161282
161484
161650
161297
161242
161331
161148
161408
161295
161589
161518
161184
161133
161221
161469
161295
161402
161531
161375
161447
161600
161525
161574
161442
161169
161423
161387
161522
161319
161366
161380
161631
161610
161267
161426
161549
161640
161603
161384
161530
161402
161395
161356
161445
161515
161512
161659
161307
161396
161132
161298
161499
161170
161408
161288
161540
161279
161481
161509
161436
161365
161475
161500
161320
161469
161638
161552
161494
161353
161442
161555
161387
161381
161603
161453
161475
161423
161414
161347
161277
161258
164155
161105
161216
161111
161044
161335
161414
161322
161203
161554
161466
161420
161390
161457
161485
161295
161343
161356
160973
161417
161420
161285
161218
161726
161317
161246
161298
161542
161512
166084
161530
161585
161656
161386
161460
161331
161396
161301
161540
161329
161543
161313
161194
161221
161527
161343
161390
161494
161454
161368
161219
161157
161374
161500
161405
161338
161359
161191
161457
161430
161402
161687
161484
161475
161276
161356
161769
161313
161445
161405
161135
161604
161753
161481
161537
161191
161561
161525
161570
161527
161426
161487
161356
161108
161142
161668
161539
161561
161479
161282
161702
161369
161555
161524
161233
161543
161298
161164
161493
161212
161616
161316
161750
161601
161377
161445
161230
161356
161264
161423
161261
161396
161216
161686
161396
161271
161604
161237
161672
161411
161136
161628
161528
161549
161601
161075
161362
161524
161405
161243
161417
161337
161433
161378
161585
161252
161307
161344
161103
161632
161441
161438
161389
161484
161356
161439
164161
161390
161448
161518
161142
161522
161463
161151
161212
161484
161291
161176
161387
161635
161482
161393
161424
161301
161401
161622
161276
161585
161344
161301
161573
161634
161258
161313
161292
164177
161619
161301
161246
161622
161025
161258
161200
161442
161089
161497
161093
161384
161332
161371
161710
161402
161322
161420
161136
161121
161313
161405
161246
161169
161402
161387
161420
161497
161509
161329
161273
161179
161245
161506
161742
161317
161062
161334
161427
161637
161399
161338
161411
161282
161782
161649
161500
161384
161268
161632
161436
161221
161344
161398
161365
161038
161564
161310
161435
161592
161405
161542
161726
161463
161418
161396
161322
161522
161291
160909
161258
161383
161708
161417
161515
161261
161454
161594
161319
161316
161524
161432
161371
161356
161283
161274
161322
161338
161356
161503
161285
161298
161537
161228
161249
161188
161176
161197
161549
161310
161402
161497
161207
161188
161570
161622
161457
161576
161231
161656
161432
161334
161377
161353
161436
161470
165315
161368
161297
161237
161537
161320
161604
161460
161365
161270
161631
161353
161319
161506
161390
161344
161549
161396
161335
161402
161540
161328
161402
161209
161359
161475
161347
161212
161282
164219
161041
161117
161420
161368
161368
161402
161445
161555
161603
161267
161264
161221
161515
161506
161509
161175
161408
161282
161310
161488
161466
161460
161279
161421
161454
161099
161255
161521
164797
161289
161616
161243
161411
161515
161619
161625
161215
161387
161395
161484
161176
161075
161075
161377
161399
161320
161187
161497
161518
161252
161328
161527
161368
161512
161561
161279
161635
161479
161680
161595
161298
161436
161267
161597
161402
161286
161442
161604
160986
161398
161335
161167
161378
161353
161393
161332
161662
161576
161518
161274
161411
161677
161399
161350
161289
161481
161245
190027
161307
161552
161304
161398
161466
161359
161433
161194
161234
161454
161301
161402
161335
161371
161316
161316
161288
161502
161417
161408
161505
161475
161451
161029
161396
161178
161332
161678
161485
161420
161503
161539
161115
161314
161218
161534
161533
161102
161163
161600
161515
161579
161236
161359
161585
161454
161099
161246
161310
161456
161585
161420
161356
161414
161160
161341
161467
189965
161225
161304
161436
161447
161371
161301
161548
161264
161356
161378
161300
161399
161359
161411
161570
161643
161319
161084
161307
161454
161363
161598
161384
161539
161466
161252
161381
161546
161592
161011
161365
161282
161490
161457
161463
161289
161656
161347
161316
161454
161469
161386
161316
161200
161328
161261
161555
161353
161335
161270
161720
161454
161182
161423
161387
161607
161405
161344
161332
161329
161478
161423
161420
161601
161687
161255
161390
161307
161448
161231
161588
161313
161665
161072
161233
161398
161619
161424
161390
161570
161384
161530
161270
161129
161261
161151
165372
161160
161375
161395
161258
161215
161295
161671
161212
161295
161506
161423
161469
161334
161463
161301
161307
161453
193706
193772
161735
161420
161028
161582
161268
161240
161243
161512
161488
161662
161701
161133
161442
161323
161708
161484
161194
161456
161215
161533
161539
161509
161310
161414
161283
161591
161212
161512
161472
161576
161760
161524
161316
161389
161285
161415
161448
161628
164764
161576
161573
161350
161585
161417
161405
161478
161429
161470
161426
161576
161335
161311
161399
161500
161380
161102
161127
161384
161405
161392
161035
161389
161606
161197
161555
161331
161628
165168
161506
161384
161426
161268
161136
161307
161570
161806
161493
161454
161310
161273
161647
161181
161411
161442
161231
161613
161369
161184
161564
161215
161591
161099
161387
161613
161533
161316
161280
161207
161216
161429
161365
161493
161515
161401
161160
161442
161439
161347
161332
161185
161607
161968
161472
161280
161384
161497
161423
161478
161252
161234
161543
161292
161579
161393
161350
161470
161335
161295
161674
161460
161356
161628
161221
161292
161610
161448
161338
161359
161423
161261
161124
161895
161417
161518
161380
161316
161412
161288
161096
161641
161328
161291
161537
161494
161111
161405
161338
161644
161515
161258
161561
161439
161539
161742
161634
161528
161692
161334
161524
161460
161549
161408
161344
161551
161381
161870
161485
161571
161402
161372
161980
161628
161408
161363
164812
161304
161518
161291
161411
161371
161634
161641
161359
161291
161527
161628
161359
161487
161405
161515
161567
161359
161378
161435
161659
161310
161598
161356
161393
161536
161646
161582
161629
164509
161469
161699
161353
161696
161323
161481
161561
161384
161328
161164
161656
161240
161518
161500
161292
161313
161628
161643
161252
161267
161334
161677
161592
161818
161405
161356
161225
161640
161078
161389
161607
161561
161481
161414
161472
161395
161796
161435
161601
161402
161268
161222
161509
161356
161288
161359
161604
161326
161298
161598
161527
161322
161301
161585
161521
161344
161539
161415
161375
161411
161472
161448
161163
161689
161297
161326
161362
161356
161172
161442
161500
161485
161343
161619
161552
161420
161473
161436
161359
161378
161334
161362
161319
161325
161320
161292
161371
161799
161387
161432
161130
161418
161179
161430
161551
161378
161271
161279
161338
161540
161225
161408
161454
161487
161479
161509
161408
161521
161515
161215
161656
161359
161331
161224
161322
161274
165347
161515
161424
161292
161619
161344
161350
161341
161363
161598
161607
161424
161319
161298
161258
161647
161292
161577
161613
161536
161374
161564
161414
161322
161268
161117
161439
161368
161300
164399
161708
161533
161475
161179
161387
161295
161316
161512
161430
161242
161365
161423
161518
161576
161386
161239
161142
161393
161776
161444
161414
161681
161561
161261
161329
161415
161319
161246
161344
161632
161707
161466
161781
161695
161203
161607
161124
161674
161365
161286
161393
161381
161316
161267
161191
161380
161469
161399
161411
161476
161117
161328
161405
161216
161487
161475
161230
161341
161502
161561
161335
161512
161450
161435
161583
161497
161343
161429
161506
161525
161570
161625
161316
161252
161402
161512
189403
161582
161381
161502
161490
161292
161610
161580
161203
161506
161356
161701
161289
161252
161310
161374
161479
161472
161390
161448
161613
161521
161316
161377
161546
161433
161139
161597
161610
161212
161405
161399
161426
161546
161493
161252
161175
161845
161175
161356
161625
161585
161167
161343
161077
161429
161298
161233
161230
161732
161488
161436
161375
161343
161448
161344
161304
161543
161555
161463
161126
161628
161380
161756
161423
161375
161781
161576
161228
161567
161466
161343
161460
161310
161628
161653
161478
161552
161448
161380
161769
161527
161481
161659
161378
161665
161240
161087
161185
161646
161129
161500
161558
161359
161356
161381
161491
161390
164433
161442
161637
161298
161653
161567
161677
161551
161424
161479
161732
161374
161356
161531
161301
161337
161378
161582
161848
161558
161527
161353
161634
161561
161234
161426
161283
161313
161377
164506
161405
161108
161133
161267
161586
161600
161279
161573
161167
161438
161387
161375
161292
161751
161478
161445
161460
161558
161065
161258
161659
161515
161221
161252
161512
161436
161366
161536
161347
161445
161313
161414
161334
161686
161493
161347
161322
161604
161011
161940
161375
161341
161506
161445
161273
161279
161454
161503
161429
161426
161221
161078
161392
161224
161384
161613
161249
161537
220580
161225
161953
161356
161307
161558
161460
161307
161277
161653
161677
161383
161227
161074
161267
161338
161325
161436
161521
161454
161576
161408
161610
161267
161381
161152
161271
161328
161417
161632
161234
161185
161114
161533
161613
161558
161267
161402
161210
161527
161368
161175
161726
161662
161298
161280
161390
161423
161601
161307
161396
161607
161268
161545
161414
161613
161130
161240
161135
161543
161854
161282
161365
161386
161224
161647
161314
161723
161283
161463
161473
161295
161408
161521
161836
161417
161454
161717
161393
161518
161429
161521
161390
161344
161536
161139
161374
161607
161371
161421
161491
161390
161732
161273
161662
161121
161494
161558
161414
161439
193828
161365
161444
161395
161295
194097
161554
161441
161279
161417
161359
161398
161172
161481
161188
164770
161432
161234
161463
161549
161325
161705
161485
161337
161479
161365
161643
161283
161680
161111
161448
161469
161723
161598
161111
161487
161735
161352
161907
161368
161454
161243
161708
161268
204537
161472
161252
161344
161637
161423
161476
161732
161270
161555
161261
161607
161522
161387
161209
161677
161543
161243
161218
161344
161591
161301
161359
161384
161677
161625
161616
161359
161512
165143
161542
161751
161695
161638
161644
161769
161313
161551
161408
161662
161411
161613
161555
161420
161463
161714
161488
161154
161509
161494
161362
161270
161438
161359
161399
161744
161332
161466
164479
161491
161616
161372
161644
161182
161640
161539
161157
161359
161365
161347
161497
161448
161173
161285
161270
161487
161059
161381
161362
161402
161332
161298
161674
161056
161650
161463
161454
161362
161212
161350
161405
161276
161200
161371
161567
161286
161717
161301
161212
223369
161430
161414
161396
161867
161399
161182
161249
161475
161665
161179
161288
161359
161301
161417
161451
161574
161056
161554
161481
161469
161023
161420
161545
161402
161378
161482
161423
161432
161628
161463
161500
161628
161350
161347
161432
161521
161280
161509
161536
161447
161347
161463
161408
161335
161295
161349
161399
161457
161478
161408
161515
161160
161491
161350
161436
161625
161484
161704
161589
226432
161173
161347
161368
161598
161399
161206
161227
161430
161341
161451
161609
161671
161170
161564
201576
161396
161417
161319
161460
161527
161753
161234
161368
161267
161594
161246
161699
161442
161166
161383
161401
161249
161218
161264
161169
160983
161344
161469
161665
161335
161411
161460
161203
200154
161234
161237
161283
161212
161435
161341
161218
161570
161460
161322
161402
161518
161255
161154
161307
161240
161139
161564
161262
161347
161659
161384
161430
161044
161411
161154
161421
161631
195376
161372
161423
161350
161307
161466
161322
161356
161322
161356
161481
161851
161463
161007
161222
161442
161427
161555
161264
161509
161062
161277
161402
161463
161075
161485
161344
161571
161310
165592
161656
161380
161359
161542
161524
161338
161246
161368
161610
161540
161353
161347
161742
161460
161283
161282
161622
161497
161420
161286
161395
161600
161506
161276
161412
161304
161209
161369
164164
161258
161245
161311
161454
161589
161653
161264
161405
161349
161148
161399
161295
161335
161738
161594
161499
161586
161402
161381
161607
161412
161475
161499
161583
161476
161447
161230
161405
161447
189924
161668
161353
161210
161525
161417
161414
161276
161539
161285
161610
161356
161509
161222
161328
161298
161481
161506
161429
161390
161411
161356
161392
161408
161460
161179
161356
161246
161457
161457
161404
161170
161276
161286
161261
161460
161210
161506
161072
161628
161555
161542
161450
161395
161640
161084
161350
161359
161548
161246
161383
161482
161393
161335
161274
161482
161274
161481
161515
161417
161256
161595
161460
161390
161436
161412
161273
161353
161619
161463
161576
161524
161787
161738
161375
161411
161267
161732
161359
161346
161834
161521
161326
161267
161457
161533
161362
175402
161503
161555
161218
161484
161295
161478
161619
161417
161438
161705
161173
161479
160885
161258
161200
161335
161414
161368
161484
161579
161075
161359
161283
161224
161490
161516
161622
161292
165887
161491
161252
161396
161583
161625
161460
161310
161329
161129
161531
161112
161283
161631
161206
161552
161399
161086
161549
161301
161210
161393
161252
161326
161405
161460
161265
161288
161313
161426
161420
161216
161139
161457
161441
161209
161298
161331
161322
161295
161329
161451
161313
161610
161375
161328
161528
161173
161557
161283
161225
161503
161677
161311
161197
161258
161288
161261
161561
161233
161206
161405
161286
161542
161178
161503
161561
161365
161292
161429
161423
161298
161350
161524
161775
161626
161533
161546
161607
161426
161522
161393
161317
161136
161359
161457
161307
161582
161533
161470
161472
161157
161319
161283
161542
161316
161289
161499
161255
161424
161249
161356
161536
161491
161680
161093
161295
161438
161576
161522
161426
161441
161549
161531
161298
161430
161317
164488
161366
161607
161163
161549
161038
161399
161249
161549
161475
161371
161634
161472
161499
161714
161374
161350
161723
161500
161262
161405
161582
161625
161441
161534
161127
161347
161387
161589
164611
161325
161313
161347
161308
161482
161341
161399
161366
161515
161255
161313
161218
161335
161432
161769
161524
161420
161500
161172
161433
161236
161741
161613
161515
161396
161704
161466
161197
161552
161503
161420
161304
161475
161604
161436
161075
161216
161616
161518
161222
161215
161310
161622
161509
161454
161377
161635
161484
161178
161539
161301
161325
161487
161481
161261
161362
161442
161481
161441
161438
161246
161429
161399
161212
161271
161414
161340
161237
161239
161555
161182
161329
161013
161240
161142
161178
161542
161423
161490
161696
161399
161396
161396
161178
161384
161271
161436
161356
161420
161751
161393
161573
161479
161411
161353
161371
161536
222863
161469
161662
161365
161442
222453
223169
161595
161512
161444
161320
161671
161163
161540
161521
161063
161268
161564
165599
161396
161600
161450
161249
161288
161674
222796
161347
161460
161246
161552
161702
161368
161522
161415
161837
161239
161276
161173
161371
161564
161328
161708
161344
161429
161282
161485
161396
164580
161423
161423
161359
161396
161264
161506
161401
161276
161567
161301
161543
161689
161497
161782
161653
161515
161499
161426
161286
161460
161444
161310
161515
161405
161585
161588
161081
161300
164424
161366
161218
161371
161450
161386
161524
161494
161427
161313
161432
161369
161350
161610
161415
161277
161252
161325
161405
161347
161594
161411
161512
161120
161133
161481
161398
161256
161356
161785
161341
161193
161197
161179
161206
161393
161313
161353
161234
161408
161326
161363
161521
161485
161390
161301
161356
161203
161264
161518
161270
161473
161267
161329
161433
161631
161390
161444
161423
161557
161570
161512
161176
161252
161490
161295
161399
161396
161212
161441
161518
161519
161130
161598
161546
161417
161460
161623
161317
161423
161418
161702
161295
161423
161448
161365
161439
161387
161065
161356
161387
161277
161430
161371
161332
161056
161533
161344
161647
161545
161622
161402
161472
161197
161662
161591
161262
161218
161720
161301
161399
161301
161359
161512
161546
161173
161478
165712
161438
161295
161246
161237
161686
161490
161439
161469
161362
161240
161328
161707
161552
161668
161308
161176
161494
161628
161120
161481
161286
161546
161332
161332
161564
161264
161442
161185
164525
161423
161524
161616
161580
161322
161294
161411
161613
161288
161494
161628
161457
161525
161405
161341
161586
161478
161481
161402
161463
161509
161372
161375
161252
161322
161469
161234
161145
161317
161558
161622
161392
161497
161555
161545
161500
161323
161466
161362
161748
161340
161182
161108
161491
161494
161289
161518
161343
161533
161387
161261
161194
161304
161564
161595
161760
161157
161228
161509
161522
161405
161380
161448
161148
161433
161335
161554
161365
161276
161393
161684
161270
161469
161277
161295
161313
161442
161439
161542
161402
161668
163298
161344
161466
161334
161310
161429
161227
161509
161378
161539
161291
161366
161463
161515
161451
161297
161322
161334
161439
161157
161411
161130
161225
161432
161292
161300
161454
161518
161549
161344
161353
161347
161326
161454
161261
164788
161350
161539
161527
161454
161102
161751
161399
161384
161690
161347
161580
161331
161267
161506
161438
161402
161298
161497
161334
161390
161359
161255
161197
161286
161019
161393
161603
161313
165605
161546
161365
161298
161212
161219
161298
161577
161494
161182
161665
161432
161384
161649
161412
161206
161282
161533
161242
161298
161591
161585
161561
161372
161613
161408
161396
161457
161368
164363
161353
161381
161323
161224
161264
161423
161411
161518
161515
161301
161102
161472
161399
161423
161242
161561
161291
161025
161338
161518
161350
161286
161267
161359
161331
161552
161356
161402
161466
161616
161426
161344
161595
161384
161549
161341
161365
161741
161317
161598
161644
161429
161393
161294
161420
161454
161637
161653
161821
161390
161246
161341
161332
161228
161705
161277
161267
161267
161246
161197
161696
161448
161491
161277
161347
161408
161625
161463
161622
161194
161478
161414
161289
161362
161164
161329
161252
161148
161314
161466
161417
161490
161261
161466
161359
161243
161375
161353
161521
161424
161435
161230
161258
161387
161173
161359
161640
161430
161008
161111
161142
161329
161384
161564
161369
161414
161472
161426
161386
161383
161185
161114
161148
161334
161454
161439
164850
161386
161298
161286
161653
161417
161325
161696
161439
161363
161285
161057
161151
161243
161286
161399
161359
161503
161325
161454
161359
161484
161469
161267
161460
161488
161491
161298
161555
165317
161402
161270
161179
161604
161429
161521
161652
161222
161133
161741
161307
161377
161322
161325
161396
161472
161610
161834
161424
161417
161341
161530
161249
161405
161482
161019
161577
161133
164427
161304
161322
161502
161325
161515
161420
161677
161463
161344
161882
161429
161683
161408
161374
161395
161392
161175
161200
161463
161594
161191
161356
161014
161261
161463
161628
161329
161441
161209
161252
161426
161432
161494
161736
161240
161494
161392
161359
161313
161674
161371
161542
161604
161347
161515
161524
161448
161393
161062
161344
161319
161335
161600
161463
161121
161349
161239
161522
161595
161313
161265
161421
161555
161387
161136
161432
161583
161549
161372
161445
161417
161509
161246
161184
161423
161378
161485
161398
161417
161371
161292
161429
161337
161699
161338
161412
161561
164406
161500
161288
161503
161341
161265
161270
161243
161298
161423
161292
161402
161212
161402
161307
161323
161279
161371
161390
161185
161249
161454
161417
161393
161494
161252
161432
161093
161793
164617
161252
161456
161429
161518
161438
161319
161430
161353
161286
161653
161261
161390
161408
161292
161420
161491
161457
161381
161530
161191
161494
161369
161280
161420
161289
161414
161499
161653
161460
161521
161366
161429
161381
161389
161448
161276
161420
161420
161500
161442
161301
191047
161536
192895
192453
194119
161390
161411
161570
161359
161350
161154
161218
161509
161442
161286
161420
161497
161445
161469
161727
161377
161586
161518
161323
161292
161830
161350
161255
161347
161482
161365
161347
161179
161537
161310
161509
161374
161671
161286
161485
161264
161301
161686
161634
161454
161292
161310
161145
161246
161399
161331
161466
161245
161444
161261
161509
161187
161292
161109
161270
161683
161074
161432
161227
161567
161374
161585
161200
161270
161503
161656
161301
161579
161430
165064
161276
161325
161524
161610
161389
161402
161157
161286
161326
161426
161665
161613
161641
161292
161206
161197
161219
161304
161374
161200
161469
161307
161518
161331
161515
161184
161692
161637
164393
161426
161665
161439
161634
161289
161285
161595
161255
161485
161072
161432
161479
161497
161384
161352
161631
161472
161381
161377
161429
161549
161313
161310
161218
161377
161350
161408
161225
161375
161399
161328
161432
161469
161583
161543
161288
161729
161453
161344
161185
161295
161579
161433
161564
161402
161320
161338
161301
161313
161530
161344
161494
161320
161013
161506
161499
161515
161652
161436
161418
161237
161280
161194
161594
161338
161457
161521
161481
161377
161378
161087
161475
161412
161276
161574
161466
161389
161423
161112
161472
161551
161497
161423
161390
161314
161274
161420
171909
161607
161297
161350
161404
161384
161392
161466
161389
161194
161454
161350
161525
161473
161405
161558
161435
161482
161359
161668
161307
161433
161334
161494
161788
161341
161518
161399
161417
161552
161279
161319
161237
161279
161271
161368
161411
161298
161570
161099
161674
161720
161218
161411
161653
161763
161601
161402
161243
161457
161182
161411
161353
161170
161347
161185
161531
161163
165106
161433
161230
161496
161435
161359
161323
161392
161185
161454
161307
161389
161512
161647
161359
161478
161548
161418
161380
161013
161524
161252
161543
161130
161246
161589
161344
161402
161466
164402
161692
161417
161234
161509
161421
161524
161536
161258
161420
161338
161693
161384
161653
161567
161243
161693
161420
161723
161381
161335
161488
161267
161690
161274
161350
161549
161298
161515
161375
161494
161169
161414
161613
161292
161453
161399
161502
161399
161363
161197
161383
161427
161448
161506
161316
161451
161714
161595
161512
161634
161340
161487
161457
161356
161279
161622
161454
161175
161129
161699
161411
161460
161386
161438
161524
161292
161178
161359
161233
161699
161347
161161
161484
161702
161521
161438
161539
161708
161304
161365
161359
161720
161319
161332
161362
161347
161393
161634
161384
161524
161540
161478
161417
161381
161411
161310
161552
161279
161558
161457
161573
161301
161460
161537
161371
161548
161508
161543
161334
161438
161349
161518
161271
161726
161075
161539
164326
161503
161129
161445
161258
161246
161475
161402
161405
161240
161589
160986
161473
161314
161375
161219
161460
161191
161622
161307
161625
161552
161762
161261
161344
161319
161494
161497
161203
165186
161435
161515
161203
161286
161307
161638
161561
161133
161252
161463
161466
161668
161472
161206
161347
161432
161310
161236
161319
161622
161259
161686
161203
161308
161561
161466
161292
161215
161674
161463
161470
161445
161579
161451
162020
161525
161522
161433
161381
161494
161463
161496
161643
161643
161316
161451
161307
161543
161659
161423
161439
161365
161041
161377
161442
161068
161411
161653
161576
161574
161390
161359
161573
161577
161322
161512
161619
161689
161475
161249
161512
161647
161454
161527
161252
161374
161439
161197
222272
161549
161378
161539
161380
161289
161280
161482
161295
161378
161311
161451
161472
161343
161613
161331
161326
161405
161457
161329
161479
161466
161396
161399
161298
161261
161527
161460
161372
161347
161387
161338
161604
161121
161286
161228
161240
161213
161646
161243
161442
161380
161600
161264
161160
161597
161280
161237
161674
161377
161735
161448
161405
161322
161329
161503
161317
161453
161304
161368
161888
161430
161332
161491
161411
161598
161454
164515
161460
161594
161206
161261
161239
161151
161188
161346
161139
161194
161472
161371
161411
161344
161368
161102
161381
161341
161090
161264
161460
161319
161160
161451
161390
161319
161417
161170
161188
161476
160992
161212
161469
160974
160931
160943
161184
161445
161570
161215
161179
161105
161252
161277
161325
161139
161210
161392
161115
161338
161316
161340
161417
161551
161374
161105
161689
161194
161268
161392
161420
161276
161301
161539
161157
161549
161310
161460
161335
161242
161301
161209
161182
161289
161130
160937
161328
161307
161179
161133
161417
161353
161304
161457
161157
165094
161418
161212
161268
161295
161298
161386
161359
161408
161096
161267
161243
161497
161512
161332
161062
161490
161457
161316
161221
161118
161442
161555
161209
161417
161188
161035
161212
161191
167198
161158
161405
161317
161194
161181
161194
161454
161350
161249
160992
161120
161047
161277
161350
161580
161396
161420
161179
161445
161169
161242
161469
161384
161378
161580
161181
161280
161117
168645
161016
161172
161138
161609
161224
161060
161093
161374
161105
161148
161316
161011
161444
161114
161127
189997
191995
190547
161331
161377
161117
161429
161485
161032
161326
161298
161167
161145
161173
161340
161286
161105
161316
161129
161193
161445
161735
161160
161539
161377
161491
161371
161212
161460
161234
161720
161230
161151
161390
161273
161032
161142
161047
161001
161114
161414
160995
166290
161215
161356
161252
161313
161340
161261
161286
161145
161338
161347
161163
161301
161123
161118
161130
161197
161411
161117
161157
161203
161179
161197
161405
161200
161209
161228
161301
161129
164944
161084
161169
161585
161530
161212
161218
160867
161019
160995
161022
161194
161169
161441
161264
161106
161311
161280
161396
161264
161234
161432
161158
161157
160922
161490
161206
161261
161383
161380
161295
161289
161120
161256
161154
161427
161252
161248
161374
161225
161075
161405
161515
161450
161215
161123
161129
161093
161221
161178
161221
161240
161161
161111
161169
161262
161292
161283
161023
161161
161212
161068
161130
161322
161390
161158
161227
161649
161283
161126
161200
161071
161148
161209
161451
161802
161313
161145
161286
161283
161249
161340
161533
161332
161191
160925
161647
161390
164611
161454
161506
161365
161341
160986
161399
161164
161350
160973
160962
161277
161359
161567
161748
161335
161344
160940
160998
161075
161249
161155
161261
161252
161448
161117
161417
160995
161289
164920
161087
161212
161051
161487
161252
161319
161206
161151
161243
161326
161196
161365
161261
161374
161362
161502
161145
161222
161050
161212
161301
161414
161176
161484
161387
161096
161188
161476
161142
161277
161188
161396
161093
161356
160879
161215
161558
161368
161203
161332
161255
161344
161172
161490
161402
161313
161001
161307
161521
161117
161243
160866
161200
161277
161029
161188
161261
161340
161444
161053
161087
161258
161439
161390
161065
161249
161543
161463
161118
161142
161130
161328
161215
161175
161325
161204
161178
161585
161026
161081
161215
161215
161219
161240
161157
161457
161215
161374
161353
161323
161460
161317
161319
161414
161191
161136
161362
161282
161451
161472
161246
161200
161172
161151
161108
161635
161435
161531
161402
161108
161286
161328
161218
161130
161228
161396
165553
161132
161277
161286
161282
161268
161353
161135
161111
161515
161325
161194
161270
161359
161194
161267
161148
161344
161178
161227
161316
161172
161273
161087
161283
161457
161276
161139
161414
164197
161154
161444
161389
161255
161411
161311
161090
161252
161111
161069
161175
161160
161356
161512
160946
161136
160921
161135
160970
161292
161301
161200
161093
161154
161610
161301
161148
161412
161607
161279
161243
161215
161017
160967
161279
161133
161319
161197
161270
161096
161221
161081
161286
161105
161347
161286
161087
161237
161359
161273
161530
161310
161099
161225
161405
161277
161322
161304
161242
161353
161249
161295
161121
161402
161157
161160
161127
161433
161497
161184
161106
161127
161435
161182
161230
161072
161256
161154
161347
161757
161212
161365
161255
161145
161533
161395
161337
164592
161056
161249
161350
161221
161289
161392
161243
161362
161163
161329
161173
161317
161405
161246
161258
161096
161246
161255
161411
161432
161307
161203
161145
160940
161185
161212
161246
161081
164697
161200
161145
161182
161145
161356
161252
161450
161087
161197
161280
161726
161295
161503
161314
161188
161230
161142
161454
161237
161463
161282
161142
161270
161429
161304
161319
161463
161401
161288
161503
161432
160858
161194
161470
161197
161127
160946
161209
161472
161181
161047
161185
161255
161307
161274
161426
161166
161314
161317
161414
161219
161460
161120
160925
161249
161280
161540
161151
161301
161344
161096
161066
161068
161301
161197
161124
161059
161374
161340
161246
161074
161102
161075
161540
161145
161075
161243
161111
161255
161270
161350
161463
161613
161399
161451
161368
161206
161240
161243
161613
161659
161341
161252
161329
161399
161148
161197
161142
161142
161472
161237
161264
161029
161062
161068
161215
161356
161105
161359
161276
161283
161417
161283
161001
161123
161323
161377
161258
161142
161228
161129
161130
161200
161213
161332
161439
161365
161298
161041
161182
161059
161359
161191
161203
161380
161166
161530
161212
161350
161176
161188
161148
161292
161405
161518
164305
161291
161111
161228
161041
161025
161549
161163
161528
161399
161433
161181
161130
161108
161265
161334
161121
161307
161289
161344
161120
161172
161120
161454
161059
161268
161665
161243
161368
164739
161273
161038
161384
161579
161325
161099
161338
161268
160946
161430
161212
161105
161187
161326
161270
161187
161478
161304
161163
161161
161277
161111
161601
161435
161212
161121
161016
161536
161010
161157
161432
161274
161219
161120
161017
161188
161172
161490
161417
161359
161099
160979
161175
161426
161145
161304
161102
161093
161289
161169
161356
161381
161356
161493
161386
161258
161451
161224
161286
161335
161331
160999
161353
161228
161337
161087
161683
161374
161301
161570
161083
161173
161304
161148
161328
161323
161325
161280
161096
161200
161313
161197
161408
161191
161114
161347
161310
164344
161289
161243
161472
160995
161546
161111
161295
161133
161280
161060
161402
161236
161188
161295
161255
161634
161102
161341
161078
161148
161133
161316
161393
161427
161377
161176
161329
161418
161283
161129
161528
161246
161240
161154
161332
161176
161378
161350
161123
161203
161375
161322
161393
161234
161173
161041
161114
161106
161359
161234
161589
161246
161099
161083
161463
161387
161271
202433
161478
161356
161313
161472
161233
161310
161066
161546
161313
161041
161304
161503
161334
161298
161194
161050
161157
161286
161261
161445
161371
161139
161038
161114
161537
161190
161249
161267
161534
161307
161225
161225
161185
161237
161234
161212
161123
161206
161313
161417
161240
161173
161200
161334
161231
161191
161380
161111
161056
161381
161313
161206
161295
161286
161286
161325
161289
165296
161243
161356
161319
161396
161188
161047
161252
161144
161228
161310
161154
161353
161157
161056
161218
161380
161160
161350
161442
161610
161292
161283
161347
161197
161078
161488
161231
161488
164455
161267
161231
161289
161530
161166
161196
161326
161206
161059
161255
161197
161117
161203
161475
161356
161108
161350
161389
161163
161029
161289
161200
160900
161500
161301
161435
161163
161353
161423
161117
161347
161347
161218
161219
161179
161200
161252
161221
161129
161500
161063
161386
161472
161387
161264
161497
161200
161161
161475
161040
161157
161298
161375
161117
161200
171426
171371
171360
171409
171392
171173
171424
161121
161227
161090
161433
161380
161206
161313
171337
171282
171221
171340
161352
161081
161546
161332
161478
161389
161466
161117
161267
161286
161335
161353
161050
164690
161414
161102
161378
161338
161337
161359
161228
161582
161331
161298
161307
161558
161350
161401
161555
161356
161084
161295
161188
161619
161022
161200
161218
161552
161528
161295
161142
161115
164308
161017
161222
161004
161267
161349
161395
161340
161491
161154
161028
161387
161277
161099
161108
161237
161298
161249
161249
161414
161277
161405
161484
161087
161109
161286
161439
160943
161237
161390
161493
161170
161426
161056
161295
161662
161181
161111
161191
161512
161469
161438
161295
161340
161485
161102
161729
161118
161252
161386
161527
161167
161203
161126
161133
161277
161369
161381
160897
161414
161286
161497
161390
161276
161124
161191
161460
161194
161384
161447
161393
161249
161325
161197
161050
161161
161371
161206
160982
161350
161197
161056
161484
161503
161335
161323
161105
161252
161585
192190
171430
171256
189829
161176
161387
161356
161445
160940
161304
161123
161056
161289
161172
161025
161369
161041
161338
161475
161179
161194
161332
161325
161099
161399
161466
161212
161184
161267
161249
161185
161310
161255
161169
161326
161322
161381
161463
161176
161344
161484
161389
161518
161292
161209
161285
161481
161255
161289
161115
161111
161270
161176
161297
161503
161411
161295
164179
161245
161283
161114
161209
161298
161209
161215
161249
161298
161567
161114
161479
161481
161439
160809
161295
161212
161136
161179
161316
161182
161286
161362
161145
161234
161115
161228
161228
164314
161375
161090
161359
161328
161288
161185
161301
161210
161380
161402
161231
161175
161328
161363
161552
161450
161157
161421
192797
171323
171369
171352
171377
171325
171187
161436
161041
161215
171063
161188
161136
161265
161291
161184
161127
161019
161203
161252
161151
161310
161331
161707
161075
161170
161044
161454
161200
161181
161264
161252
161325
161276
161212
161448
161408
160998
161087
161441
161075
161252
161212
197244
161123
161066
161001
161262
161405
161389
161236
161282
161277
161613
161335
161170
161136
161148
161176
161261
161249
161262
161072
161057
161169
161427
161237
161240
164800
161197
161218
160986
161057
161078
161421
161439
161200
161231
161433
160925
161301
161206
161289
161081
161337
161423
161289
161127
161231
161121
161139
161249
161262
161133
161307
161329
161234
164922
161297
161612
161081
161145
161417
161255
161411
161252
160946
161531
161167
161377
161102
161323
161160
161105
161411
161054
161221
161182
161255
161331
161096
161145
161093
161288
161466
161298
161154
161363
161145
161641
161399
161408
161139
161219
161117
194392
161451
161301
161215
161549
161451
161356
161221
161127
161298
161301
161025
161304
161283
161194
161173
161470
161300
161338
161411
196849
161170
161267
161325
161634
161301
161432
161524
161148
161215
161051
161574
161157
161239
161289
161179
161151
161359
161215
161112
161485
161460
161567
161216
161405
161423
161191
171323
171355
175627
171227
171213
171470
197141
161127
161417
161176
161233
161262
161794
161188
161252
161497
161233
160895
161060
161080
161341
161543
161139
161368
161083
161230
161234
161173
161267
161255
161356
161601
161087
161124
161173
161344
161157
161395
161570
161185
161256
160949
161613
161233
161344
161338
161467
161310
161105
161405
161280
161032
161530
161117
161387
161414
161108
161313
161320
161316
164287
161591
161304
161084
161283
171224
196785
161176
161405
161454
161182
161411
161139
161206
160891
161105
160998
161316
161411
161179
161420
161136
161371
161356
161179
161466
161472
161261
161283
165247
161184
161261
161307
161308
161374
161096
160949
161105
161224
161515
161212
161087
161350
161243
161019
161374
161506
161381
161249
161362
161133
161066
161219
161322
161393
161350
161077
161423
164586
161469
161372
161279
196847
161349
161506
161441
161286
161203
161062
161445
161277
161393
161371
161341
161472
160907
160931
161019
161298
161332
161194
161028
161160
161041
161206
161322
191611
175165
171288
171597
171305
197990
161114
161136
161236
161546
161270
161157
161383
161032
161274
161215
161341
161301
161237
161240
161072
161286
161380
161041
161270
161148
160949
161139
161280
161200
165366
161414
161604
161341
161420
161274
160995
161255
161225
161261
161326
161181
161283
161200
161258
161252
161362
161295
161187
161286
161521
161494
161001
161126
161151
161243
161144
161387
161225
164528
161224
161503
161215
161283
161613
161301
161093
161163
161084
161516
161261
161365
161512
161179
161295
161371
161423
161537
161334
161338
161050
161301
161387
161041
161421
161120
161231
161029
161163
161194
161133
161102
161172
161206
161063
161466
161215
161233
161151
161240
161390
161203
161325
161069
161435
161445
161065
161472
161591
161246
161586
161023
161295
161227
161423
161191
161212
161414
161545
161304
161087
161677
161032
161243
161007
161300
161185
161126
161484
161090
161353
161390
161038
161524
161227
161408
161050
161472
161120
161200
161246
161025
161267
161404
194682
171453
171479
171733
171395
171395
171473
161567
161301
161378
161383
161267
161833
161102
194103
171248
171519
171057
192288
161215
161187
161279
161203
161111
161292
161152
161469
161234
161090
161010
161053
164353
161203
161472
161191
161185
161252
161295
161337
161313
161374
161105
161509
161234
161047
160864
161102
161212
161512
161200
161286
161304
161102
161304
161154
161129
161127
161325
161533
161185
164892
161564
161393
161289
161194
161170
161099
161334
160989
161326
161411
161179
161368
161307
161350
161221
161087
161491
161233
161457
160916
161197
161329
161261
160983
161200
161356
161178
161135
161286
161117
160989
161212
161659
161426
161215
161166
161423
161277
161188
161054
161411
161236
160955
161077
161444
161399
161166
161350
161377
161289
161219
161268
161224
161399
161160
161264
161335
161099
161136
160977
161099
161237
161130
161245
161136
161377
161142
161231
161616
161225
161331
161405
160953
161133
161307
161212
161417
161236
161490
161200
161619
161144
161185
161411
161160
161392
161297
165060
161328
171224
171528
196966
161240
161187
161276
161115
161258
161111
161487
161222
161448
161401
161126
161218
161069
161069
161106
161518
161265
161488
161191
161191
161298
161439
161301
161262
161322
161243
161221
161411
161010
160949
161304
161328
161457
161448
161390
161316
161173
161243
161096
161197
161222
161020
161200
161436
161041
161047
160977
161200
161301
161261
161418
161231
161203
164195
161365
161592
161313
161256
161252
161329
161451
161084
161191
161035
161148
161182
161371
161368
161151
161136
161372
161353
161338
161246
161564
161430
161273
161084
161111
161316
161310
160943
165317
161206
161151
160961
161233
161589
161178
161001
160976
161274
161274
161127
161567
161175
161246
161240
161093
160937
161206
161280
171115
171143
171170
171279
171392
171329
161114
161087
161436
165027
161335
161117
161343
161341
160982
161231
161271
161108
161316
161166
161072
161366
161130
161512
161029
160894
161231
161625
161227
197058
161291
161225
161111
161249
161264
161335
161228
161010
164672
161173
161472
161490
194833
161270
161218
161157
161154
161524
161331
161392
161313
161078
161136
161065
161344
161230
161127
161148
161117
161365
161169
161543
161010
161127
161378
161487
161099
165452
161115
161215
161081
161160
161170
193805
161282
161402
161126
161239
161496
161096
161203
161038
161224
161047
161154
161157
161463
161057
161105
160992
161145
161383
161093
161258
161230
161383
164678
161270
161380
161286
161252
161252
161436
161258
161169
161148
161065
161549
161172
161176
161292
161224
161448
161589
161112
161203
161203
161022
161187
161148
161359
161509
161099
161430
161438
164403
161317
161286
161114
161218
161154
161142
161398
161270
161494
161197
161035
161175
161178
161264
161270
161145
161258
161176
161026
161426
161231
161381
161249
161200
161105
161295
161126
161497
161004
161301
161200
161291
161188
161053
161366
161161
161279
161237
161258
161225
161225
161118
161329
161380
161308
161249
161368
161402
161448
161197
161218
161448
161356
161528
161212
195168
171216
171325
171034
171276
171192
171548
161038
161191
161084
161019
161380
161236
161549
161219
161200
161044
161295
161326
161439
161188
161164
161157
161108
161314
161432
161322
161442
161188
161108
161338
164452
161374
161182
161255
161607
161243
161445
160955
161463
161377
161387
161374
161319
161252
161163
161102
161155
161456
161429
160879
161396
161145
161591
161457
161252
161297
161264
161032
161316
160910
160830
161500
161313
161292
161239
171164
161173
161231
161213
161068
161237
161338
160989
161078
161203
161074
161242
161084
161252
161008
161191
161172
161216
161080
161109
161239
161678
161258
160909
160885
161521
161276
161102
161117
161399
161099
161460
161310
161044
161121
161086
161488
161240
161276
161377
161402
161255
161316
161363
161246
161362
161368
161210
161271
161132
161476
161065
161454
161236
161035
161252
196089
196291
225974
225839
161194
161429
161178
161271
161493
161273
161435
161292
160961
161230
161138
161035
161307
161135
161487
161298
161139
161320
161118
161081
161239
176399
171473
171401
171669
170866
161234
161338
161151
161297
161292
161267
161277
161062
161264
161481
161216
161013
160992
161096
161193
161240
161213
161457
161026
161356
161236
161319
161264
161314
164595
161196
161515
161402
161167
161392
161460
161145
161466
161280
161017
161243
161347
161090
161282
160976
161026
161291
161225
161243
161001
161231
161427
161294
161268
161207
161399
161415
161074
164299
161353
161310
161405
161166
161295
161277
161031
161142
161500
161246
161191
161414
161133
161252
161585
160983
161246
161099
161127
161518
161628
161200
161124
161292
161274
161089
161197
161261
161154
161628
160940
161193
161224
161402
161359
161141
161236
161240
161326
161435
161111
161555
161127
161158
161102
161329
161240
161022
161142
161142
161206
161194
161392
161203
161219
160995
161323
161362
161222
161384
161216
161108
161432
161264
161215
161121
161261
161411
160937
161114
161307
161081
161197
161252
161295
161322
161435
161075
161280
161151
161301
160849
161530
161420
192820
171225
171499
171279
171346
171022
171146
189930
161323
161353
160992
160977
161454
161243
192430
171508
171268
171199
193300
161182
160934
161349
161233
161313
161457
161154
161249
161148
161332
161292
161414
165448
161298
161059
161166
161372
161436
161294
161393
161319
161420
161405
161350
161295
161172
161065
161423
160900
161479
161243
161445
160962
161289
161255
161206
161536
161445
161613
161387
161383
164124
161145
161500
161282
161246
161154
161481
161478
161240
161325
161481
161331
161203
161359
161234
161197
161114
161224
160946
160916
161353
161503
161469
161264
161194
161121
161007
161292
161163
161187
161337
161276
161083
161075
161286
161249
161151
160875
161062
161114
161460
161022
161084
161436
161096
161252
161536
161265
161518
161671
161096
161136
161436
197580
161216
161319
161335
161337
165528
161433
161200
161402
161426
161436
161212
161258
161432
161855
161032
161344
161274
161148
161268
161417
161127
161423
161270
161383
161157
161215
161145
161200
160952
161307
161160
161160
160974
160959
161304
191880
171467
171507
190201
161191
161323
161246
161062
161313
161533
161184
161417
161343
160965
161120
161473
161262
161132
161126
161099
161231
161148
161436
161279
161190
161310
161286
161595
161545
161441
160922
161228
161292
161427
161133
161185
161518
161268
161270
161445
161105
161175
161329
161105
161366
161252
161466
161118
161231
161194
161203
161096
161210
160992
161579
161261
161353
161298
161442
161317
161044
161329
161233
161622
161185
161222
161258
161401
161060
161163
161252
161084
161248
161607
161362
161332
161509
161383
161078
161381
161203
161166
161233
161111
161323
161365
161580
161580
161488
161236
161294
161289
161405
161512
161136
161360
161087
161328
161396
160974
161240
161445
161546
160937
161044
190918
171531
171219
171080
171675
171202
171242
161133
161530
161203
161020
161314
161167
161280
161344
161313
161353
161096
161227
161304
161142
161319
161157
160888
161255
161383
161469
161316
161215
160931
160931
161255
161200
161527
161179
161264
161227
161335
161228
161519
161197
161017
161493
197702
161466
161077
161096
161127
161246
161188
161356
161237
161292
161084
161390
161371
161221
161359
161182
161539
161307
161080
161151
161570
161261
160998
161004
161485
161121
161444
161062
161231
161181
161304
161267
161331
161277
161237
161383
161322
161411
161181
161356
161142
226425
161332
161415
161436
161240
161423
161234
161325
160900
160952
161160
161338
161130
161169
161298
161212
161368
160925
160884
161417
161243
161236
161368
161240
160999
161292
161405
161127
161123
161356
160922
160992
161518
161197
161622
161068
160958
161108
161108
161365
161059
161295
201243
161268
161164
161374
161215
161163
161350
161230
161377
161466
160980
197083
161470
160928
161481
161381
161197
161014
161160
161169
161368
161475
161029
161283
160973
161188
161014
161206
161133
164680
161078
161310
161197
161182
160989
161316
161240
161258
161182
161640
161194
161429
161332
161206
161481
161338
161304
161313
161371
161121
160980
161243
161200
161093
161316
161381
171254
171332
174890
171435
171481
171309
171432
161154
161142
161702
161380
161001
161389
161442
161512
161142
161472
161398
161084
161311
161157
161439
161157
161227
161271
161053
161322
161334
161329
161399
161210
161301
161270
161439
161035
161644
161424
160876
161255
161512
161307
161399
161112
161224
161170
161041
161509
161008
161267
161438
161384
161620
161234
161041
161341
161221
161405
161154
161160
161234
164699
161292
161347
161258
161004
198233
171299
161436
161230
161325
161460
161240
161552
161457
161145
161353
161154
161427
161075
160875
161210
161347
161289
161041
161190
161124
161323
161010
161157
161255
161338
161160
161436
161424
161276
161228
161237
161133
161597
161041
161353
161240
161264
161237
161212
161280
161356
161344
161059
161445
161148
161524
161222
161130
161126
161017
161362
161261
165262
161280
161249
161246
161347
161004
161264
161169
161041
161032
161347
161212
161209
161203
161433
161176
161438
161901
161066
161432
161506
161332
161313
161702
161163
161099
161282
161457
191350
171124
171167
171439
171060
198275
161365
161071
161252
161313
161105
161294
161154
161555
161142
161213
161145
161338
161631
161084
161062
161191
161236
161375
161187
161108
161432
161252
161313
161314
161350
161365
161148
161375
161157
161613
161206
161350
161319
161087
161020
161417
160980
161374
161439
161319
161179
161310
161346
160979
161261
161172
161044
161414
161236
161005
161399
161420
161261
161308
161096
161304
161256
161274
161396
161399
160977
161197
161221
161246
161084
161307
160839
161139
161503
161167
161011
161188
161350
161326
161185
161509
161185
161325
161264
160873
161032
161219
164329
161622
161277
161276
161307
161310
160919
161356
161099
161242
160903
161466
161167
161228
161371
161389
161212
161705
161102
161086
161378
161386
161112
161463
161283
161230
160977
161096
161567
164118
161377
161273
161206
161059
161099
161190
161702
161179
161343
161108
161469
161291
161270
161417
161243
161313
161255
161341
161243
161288
161135
161209
161488
161158
161270
161417
195137
171418
176089
171522
171028
171433
171421
161093
161090
161197
161350
161144
161231
161286
193827
171334
171698
171161
196323
161249
161120
161390
161136
161350
161237
161243
161252
161221
161329
161231
161485
161032
161363
161555
161170
161405
161463
161375
161212
161236
161225
161163
161328
161323
161567
161420
161197
161374
161417
161359
161313
161338
161218
160980
161237
161182
161383
161227
161084
161087
164491
161197
161258
160943
161132
160919
161350
161323
161059
161375
161473
161325
161264
161072
161463
161295
161282
161402
161179
161310
161331
161273
161374
161273
161644
161497
161432
161408
161268
198669
161255
161286
161341
161151
161200
161325
161390
161411
161374
161359
161283
161221
161133
161326
161494
161368
161301
161218
161255
160937
161245
161484
161136
161308
161491
161148
161313
161417
164938
161212
161475
161375
161319
161032
161252
161169
161408
161405
161270
161209
161092
161444
161395
161142
161135
161368
161057
161139
161127
161136
161522
161408
160937
161233
161347
161240
161222
161283
161496
161109
171279
171170
194442
161197
161154
161187
161371
161197
161341
161013
161386
161619
161396
161227
161028
161019
160903
161650
161344
161298
161460
161148
161711
160980
161518
161268
165335
161396
161356
161325
161506
161457
160952
161356
161372
160995
161105
161233
161515
161414
161258
161301
161185
161240
161188
161307
161193
160830
161341
161126
161414
161320
161011
161215
161304
161142
161362
161013
161212
161463
161145
161338
161191
161323
161338
161288
161065
161274
161175
161350
161289
161230
160931
161341
161249
161414
161044
161433
161086
161365
161322
161163
161066
161166
161423
161417
161362
161371
161203
161435
161448
161325
161322
161528
161319
161359
161374
161378
161084
161368
161212
161466
161234
161225
161509
171288
171548
171360
171152
170921
171248
161206
161188
161484
161279
161090
161038
161619
161207
161163
161239
161228
161234
161374
161133
161066
161337
161429
161065
161381
161225
161133
161245
161322
161316
160998
161056
161212
160906
161344
161166
161014
161301
161460
160836
161414
160983
161479
161304
161384
161231
161677
161032
161145
161534
161166
161356
161227
161530
161139
161038
161258
161237
161136
161185
161374
161332
161518
161246
161062
161014
161185
161408
161359
161194
161200
161426
160915
161057
161289
161090
161537
161167
161078
160970
161004
161283
161184
161133
161545
161298
161362
161479
161258
161084
161141
161356
161216
161359
161561
161353
165256
161172
161245
161353
161004
161190
161255
161243
161164
161343
161169
161233
161350
160970
161096
161344
161325
161390
161402
161219
160943
161132
161185
161252
161338
161182
161108
161316
161218
164292
161279
161179
161038
161319
161035
161173
161129
161040
161460
161041
161338
161169
161276
161350
161331
161090
161271
161142
161307
161344
161154
161154
161239
161301
161212
161252
161475
161139
164644
161294
161191
161350
161166
161062
161405
161714
161062
161185
161442
161228
161032
161222
161194
161304
160995
161234
161133
161332
161317
161062
161282
161120
161083
161475
161631
161344
171392
175691
171491
171496
171302
171392
196412
161261
161133
161271
161408
161387
161060
161310
161194
161014
161308
161182
161359
161640
161350
161286
161200
161191
161240
161604
160962
161151
161206
161035
164402
161415
161319
160959
161221
161218
161414
161271
161255
161289
161179
161285
161283
161451
161099
161136
161154
161353
161626
161172
161482
161224
161032
161295
161243
161142
161337
161380
161093
188562
161365
161280
161595
161909
161224
171874
194121
161674
161145
161261
161537
161301
161573
161460
161460
161442
161390
161470
161494
161478
161381
161444
161454
161445
161515
161175
161295
161145
167975
161463
161261
161441
161448
161503
161387
161368
161372
161243
161557
161595
161326
161387
161319
161338
161316
161341
161436
161252
161417
161570
161508
161418
161237
161200
161157
161383
161530
164883
161540
161490
161524
161347
161384
161604
161546
161607
161527
193680
161316
161475
161301
161259
161589
161561
191178
161473
161377
161671
161332
161230
161659
161577
161585
161301
161476
161503
171404
171883
171759
171511
171649
161668
161123
161412
161447
161427
161197
161325
161601
161439
161395
161475
161402
161188
161589
161515
161362
161399
161808
161102
161549
161433
161499
161610
161502
161548
161424
161506
161521
161500
161285
161450
161472
161261
161301
161346
161350
161594
161240
161683
161493
161626
161432
161402
161466
161647
161243
161512
161408
161426
161420
161427
161552
161424
161099
161687
161662
161470
161273
161383
161420
161558
161249
161203
161518
161484
161463
161396
161503
161549
161326
161638
161267
161441
161512
161518
161534
161457
161646
161368
161335
161647
161390
161433
161525
161154
161387
161522
161870
161252
161542
161610
161484
161632
161512
161548
161577
161405
161392
161390
161197
161481
161549
161583
161340
161548
161705
161353
161476
161301
161288
161470
165302
161423
161610
161221
161436
161380
161313
161714
161424
161653
161506
161221
161334
161185
161588
161503
161117
161319
161236
161686
161451
161512
161335
161298
161289
161246
161735
161573
171557
175142
171657
171493
171534
171331
192697
161570
161445
161518
161316
161528
161087
161576
171426
171504
171543
196291
161396
161503
161442
161245
161659
161350
161677
161570
161252
161534
161206
161145
161313
161450
161399
161659
161638
161209
161206
161317
161411
161839
161295
161604
161432
161457
161155
161457
161435
161411
161298
161221
161527
161271
161320
161378
161411
161282
161546
161329
161640
161264
161411
161383
161484
161398
161317
161411
161500
161362
161478
161653
161178
161279
161304
161197
161167
161228
161390
161329
161359
161628
161488
161527
161188
161255
161690
161552
161167
161435
161454
161384
161674
161307
161350
161607
161356
161690
161405
161233
161335
161338
161619
161699
161427
161851
161282
161582
161404
161295
161341
161142
161332
161488
161472
161570
161585
161255
161304
164460
161380
161460
161940
161023
161442
161598
161271
161549
161215
161335
161610
161475
161366
161616
161509
161436
161405
161564
161524
161478
161301
161490
161396
161497
161530
161337
161527
227610
165870
190397
193097
171507
171308
189822
161310
161527
161414
161411
161405
161588
161356
161135
161093
161512
161451
161393
161387
161496
161546
161476
161384
161114
161450
161380
161215
161240
161524
161463
161369
161375
161068
161380
161491
161350
161757
161613
161751
161349
161521
161616
161564
161561
161515
161344
161295
161414
161289
161482
161215
161913
161546
161381
161573
161518
161231
161429
164287
161534
161319
161389
161356
161527
161395
161470
161258
161521
161411
161289
161213
161408
161549
161500
161457
161518
161466
161616
161628
161879
161273
161316
161255
161396
161509
161533
161353
165461
161127
161399
161347
161463
161261
161530
161414
161641
161239
161426
161463
161166
161212
161683
161591
161542
161540
161487
161466
195065
171369
171115
171692
171444
171372
198860
161858
161435
161613
161506
161209
161365
161796
161392
161460
161423
161539
161026
161521
161748
161411
161228
161545
161261
161292
161451
161436
226166
196091
161466
161157
161347
161448
161191
161473
161481
161346
161460
161279
161497
161628
161334
190265
161515
161411
161276
161176
161313
161408
161542
161619
161362
161527
161264
161243
161555
161255
161411
161307
161558
161432
161347
161506
161286
161573
161264
161277
161536
161386
161380
161475
161460
161467
161439
161524
161279
161622
161448
161240
161307
161282
161451
161383
161671
161344
161540
161415
161454
161534
161448
161640
161650
161390
161427
161325
161191
161368
161240
161344
161551
255935
161350
161408
161231
161441
161320
161760
161545
161500
161791
161662
161561
161497
161628
161258
161282
161405
161353
161555
161414
161521
161637
161460
161607
191530
161264
161080
161447
161329
161368
161527
161310
161380
161524
161674
161478
161222
161460
161353
161274
161665
161393
161353
161078
161121
161200
161424
161172
161399
161466
161356
161090
161323
161497
161246
161686
161384
161714
161787
161234
161632
161655
161420
161607
161273
161597
161414
161331
161288
161530
161469
161677
161338
161322
161672
161564
161600
161365
161310
161283
197045
171288
171502
171412
171687
171600
171346
161429
161683
161206
161549
161402
161389
161350
161393
161405
161671
161451
161451
161240
161396
161469
161154
161368
161601
161329
161252
161350
161744
161720
161323
161399
161549
161456
161191
161733
161362
161090
161438
161270
161377
161460
161396
161582
161429
161585
161313
161405
161219
161115
161392
161830
161389
161582
161405
161390
161127
161426
161552
161353
161313
161469
161433
161408
161242
194607
171514
161292
161619
161470
161692
161408
161307
161524
161536
161377
161381
161239
161613
161408
161380
161310
161086
161405
161536
161502
161240
161546
161341
161686
161549
161699
161264
161273
161696
161518
161647
161484
161453
161350
161212
161436
161338
161576
161414
161625
161543
161534
161200
161374
161408
161540
161466
161475
161600
161219
161188
161463
161362
161383
161631
161283
161191
161402
161200
161448
195964
161350
161395
161567
161567
161466
161473
226053
226460
161262
161230
161637
161433
161239
161445
161423
161450
161736
161496
161264
201633
171502
171871
171525
171730
193847
161447
161546
161185
161230
161426
161445
161549
161674
161464
161444
161353
161311
161476
161386
161505
161294
161356
161222
161518
161068
161222
161396
161341
161524
161848
161515
161368
161411
161380
161231
161610
161524
161424
161310
161500
161132
161460
161356
161558
161463
161297
161356
161335
161396
161470
161411
161582
161521
161463
161396
161408
161527
164687
161503
161528
161341
161493
161292
161824
161539
161365
161506
161469
161561
161447
161500
161531
161528
161219
161577
161442
161543
161478
161384
161616
161108
161589
161505
161313
161050
161845
165558
161280
161582
161359
161447
161366
161411
161231
161720
161395
161132
161473
161390
161655
161545
161313
161439
161466
161616
161738
161478
161328
161518
161262
161518
161371
161365
161225
161479
168529
161362
161619
161280
161389
161285
161641
161540
161188
161609
161390
161222
161631
161316
161050
161405
161387
161319
161328
161323
161503
161460
161448
161488
161420
161340
161197
161402
171583
175254
171764
171753
171435
171637
171496
161362
161527
161124
161631
161604
161460
161289
171545
171675
171712
171331
161429
161169
161331
161347
161515
161454
161313
161469
161626
161503
161751
161240
161481
161622
192210
161573
161227
161335
161224
161347
161484
161540
161234
161301
161203
161322
161313
161491
161172
161485
161543
161451
161503
161442
161421
161347
161558
161509
161613
161543
161448
161417
161454
161304
161564
161681
161316
161772
161375
161019
161515
161436
161435
161475
161427
161170
161454
161785
161380
161869
161457
161518
161237
161631
161509
161589
161573
161411
161234
161362
164461
161460
161380
161264
161545
161329
161546
161124
161494
161261
161555
161683
161567
161622
161270
161359
161234
161398
161488
161310
161377
161490
161362
161160
161708
161399
161503
161326
161619
165271
161512
161423
161423
161441
161500
161381
161356
161139
161273
161411
161344
161698
161597
161503
161289
161632
161463
161601
161344
161225
161464
161264
161356
161121
161720
161383
161539
161084
164598
161662
161451
171580
171470
171412
161188
161644
161610
161231
161328
161567
161234
161463
161448
161463
161337
161456
161108
161319
161392
161552
161540
161301
161812
161337
161172
161325
161420
164800
161466
161451
161350
161270
161337
161469
161144
161436
161206
161607
161634
161438
161518
161441
161307
161334
161399
161467
161347
161261
161506
161530
161160
161325
161206
161677
161261
161432
161387
161524
161412
161414
161421
161313
161479
161475
161072
161426
161494
161509
161613
161597
161298
161390
161634
161482
161695
161426
161491
161539
161387
161442
161418
161448
161476
161613
161248
161334
161356
161395
161218
161334
161659
161154
161521
161475
161053
161647
161570
161512
161445
161445
161472
161372
161243
161427
161478
161356
161542
161503
161487
161570
161436
161650
161402
161497
161485
161873
161286
161396
161631
161325
161017
161328
161539
161427
161139
161368
161512
161515
161500
161057
161393
161515
161203
161576
161155
161521
161509
161411
161396
161426
161259
161512
161491
161375
165354
161497
161396
161604
161502
161689
161445
161301
161353
161582
161433
161542
161585
161554
161457
161641
161335
161393
161377
161555
161426
161285
161732
161540
161536
161677
161598
161239
161298
164736
161696
161460
161668
161283
161418
161463
161509
161301
161585
161577
161616
161341
161555
161139
161307
161598
161215
161304
161597
161586
161123
161252
161604
161469
161310
161466
161503
161362
164452
161389
161433
161534
161414
161243
161289
161604
161325
161414
161548
161869
161319
161178
161515
161601
161249
161365
161322
161240
161387
161285
161439
161536
161732
161680
161319
161481
161595
161258
161497
161279
161435
161589
161447
161423
193496
161399
161576
161616
161378
161326
161796
161353
161216
161525
161482
161625
161368
161292
161613
161329
161539
161365
161273
161337
161169
161497
161442
161567
161252
161469
161224
161515
161326
161524
161139
161521
161641
161282
161362
161668
161295
161463
161423
161411
161399
161594
161558
161368
161650
161601
161347
161540
161405
161561
161423
161469
161356
161469
161353
161567
161292
161277
161280
161717
161377
161264
161276
161135
161543
161363
161533
161466
161353
161334
161169
161396
161447
161332
222480
161362
161356
161233
161194
161665
161531
161424
161454
161268
161436
161424
161549
161448
161585
161402
161356
161748
161246
161494
161350
161393
161396
161246
161582
161509
161332
161677
161087
161442
161509
161081
161426
161528
161396
161265
164657
161509
161545
161549
161499
161365
161399
161484
191543
161531
161625
161509
161414
161546
161467
161622
161818
161337
161503
161227
161215
161564
161304
161439
161393
161481
161466
161463
161699
164828
161420
161531
161469
161607
161377
161595
161371
161594
161353
161516
161359
161374
161344
161426
161401
161408
161350
161334
161417
161632
161347
161472
161414
161301
161240
161472
161506
161714
165443
161423
161579
161677
161638
161463
161197
161292
161473
161209
161463
161512
161521
161377
161726
161499
161292
161197
161515
161640
161506
161322
161273
161344
161136
161592
161454
161292
161478
164800
223967
161203
161362
161527
161613
161470
161341
161297
161472
161424
161567
161320
161332
161665
161154
161197
161411
161331
161503
161595
161717
161552
161328
161362
161280
161418
161390
161525
164464
161261
161475
161289
161447
161576
161117
161448
161567
161503
161206
161258
161686
161350
161230
161371
161451
161594
161432
161261
161319
161732
161519
161524
161310
161261
161209
161485
161343
165519
161242
161316
161274
161460
161307
161484
161304
161317
161384
161778
161258
161087
161359
161350
161401
161570
161519
161386
161674
161179
161475
161493
161280
161393
161417
161643
161595
161380
161286
161411
161258
161411
161325
161322
161322
161383
161545
161286
161371
161573
161316
161655
161481
161399
161555
161258
161258
161274
161457
161554
161332
161448
161543
161334
161366
161441
161448
161350
161426
161350
161497
161441
161252
161200
161475
161730
161289
161334
161405
161344
161482
161647
161258
161374
161482
161240
161151
161304
161555
161378
161356
161522
161285
161371
161304
161322
161390
161582
161415
161249
161289
161381
161699
161057
161362
161325
161353
161681
161490
161454
161414
161484
161610
161482
161467
161307
161433
161233
161668
161460
161255
161313
161460
161325
161548
161184
164662
161475
161341
161408
161626
161175
161408
161127
161482
161408
161723
161527
161334
161836
161337
161280
161118
161185
161371
161549
161343
161478
161683
161411
161542
161277
161231
161604
161255
164873
161124
161224
161613
161641
161594
161411
161564
161488
161668
161482
161329
161414
161573
161445
161334
161081
161163
161396
161460
161246
161577
161252
161187
161439
161316
161240
161500
161491
161454
161402
161271
161178
161497
161469
161432
161424
161228
161396
161197
161154
161365
161222
161515
161346
161475
161570
161439
161316
161714
161399
161280
161454
161279
161519
161261
161592
161353
161362
161240
161188
161469
161546
161381
161490
161601
161444
161653
161457
161607
161291
161258
161398
161439
161423
161228
161628
161537
161702
161191
161179
161701
161475
161395
161466
161301
161375
161334
161451
161325
161206
161271
161597
161130
161322
161433
161545
161374
161368
161567
161484
161215
161310
161273
161552
161558
161585
161298
161515
161674
161445
161414
161466
161392
161390
161264
161448
230090
161580
161573
161494
161335
161399
161268
161209
161512
161111
161126
161429
161435
161338
161271
161307
161531
161606
161487
161506
161649
161583
161386
161469
161680
161301
161876
161708
161402
164847
161264
161543
161291
161277
161851
161650
161659
161371
161316
161432
161350
161524
161561
161212
161456
161378
161503
161399
161270
161454
161380
161230
161136
161432
161185
161408
161527
243009
161631
161589
161371
161448
161390
161353
161622
161239
161555
161190
161623
161558
161172
161319
161674
161469
161182
161352
161482
161276
161680
161200
161827
161460
161466
161524
161365
161350
161420
161341
161374
161292
161589
161264
161283
161436
161900
161291
161595
161344
161283
161429
161438
161484
161689
161469
161646
161326
161442
161234
161368
161133
161420
161502
161512
161426
161316
161368
164941
161313
161334
161314
161497
161378
161521
161453
161426
161389
161500
161586
161374
161757
161335
161292
161457
161341
161573
161640
161533
161466
161402
161331
161625
161436
161326
161519
161490
164797
161748
161271
161613
161585
161405
161420
161561
161310
161369
161836
161457
161402
161549
161347
161411
161319
161592
161457
161638
161469
161430
161433
161453
161463
161368
161858
161204
161558
161775
161478
161439
161135
161096
161754
161589
161368
161390
161494
161172
161436
161142
161264
161955
161561
161280
161359
161463
161524
161378
161185
161356
161515
161071
161625
161237
161457
161194
161343
161396
161518
161637
161530
161631
161366
161423
161393
222492
161582
161494
161243
161503
161735
161307
161405
161279
161759
161521
161276
161439
161323
161371
161362
161307
161512
161739
161756
161448
161427
161365
161548
161395
161378
161469
161408
161705
161775
161145
161475
161610
161717
161555
161402
161249
161353
161368
161436
161787
161381
161576
161283
161637
161536
161270
161291
161209
161598
161481
161393
161442
161249
161463
161705
161329
161549
161384
161347
161414
161803
161634
161384
161133
161255
161447
161634
161133
161623
161530
161539
161539
161509
161524
161375
161323
161353
161548
164761
161668
161374
161368
161384
161579
161154
161331
161197
161310
161096
161509
161255
161490
161613
161506
161261
161423
161506
161197
161546
161735
161548
161534
161325
161592
161372
161298
161650
164543
161274
161102
161132
161212
161295
161515
161481
161438
161154
161625
161356
161512
161454
161490
161396
161451
161347
161135
161472
161616
161268
161573
161331
161658
161647
161326
161420
161564
161509
161594
161772
161460
161322
161640
161135
161472
161383
161258
161350
161518
161537
161362
161689
161478
161340
161295
161444
161316
161377
161258
161519
161368
161325
161106
161696
161427
161668
161243
161420
161589
161720
161438
161402
161577
161539
161307
161509
161408
161705
161411
161558
161344
161481
161610
161240
161383
161689
161378
161371
161399
161399
161644
161750
161142
161837
161206
161239
161323
161607
161075
161585
161393
161417
161589
161173
161478
161356
161475
161176
161310
161753
161567
161316
161368
161273
161420
161277
161417
161252
161429
161631
161570
161631
161267
161463
161527
165825
161429
161515
161230
161418
161439
161408
161448
161270
161475
161335
161371
161638
161329
161895
161365
161289
161481
161638
161671
161399
161497
161224
161438
161267
161120
161389
161231
161380
164938
161268
161270
161261
161398
161405
161304
161543
161344
161454
161414
161478
161769
161356
161484
161423
161317
161261
161381
161243
161790
161430
161549
161512
161484
161444
161457
161316
