184349
184168
184251
184245
273081
183673
184368
184184
184056
183884
184013
184487
184101
184236
184092
184028
183939
183848
184379
184300
183934
184150
183734
184104
184056
183936
183838
184343
183814
184236
214517
183997
184089
183976
184285
184450
184300
183900
183906
184004
184444
183936
183796
184153
184512
184438
184049
184028
184428
184325
184065
184349
184260
184325
184273
184150
184187
184526
183777
184523
184046
184288
184193
183796
183884
184129
184202
184016
184135
183848
184374
184493
184355
183899
184331
183853
184478
183997
184224
184215
184389
192978
184428
184101
183808
184346
183961
183909
184239
184468
183875
184196
184453
183964
184377
183966
183983
184405
184163
184511
184530
184294
184123
184184
184037
184044
184006
188197
184074
184212
184456
184000
184062
184270
184009
184086
184163
184153
184221
184359
184168
184282
184220
183957
184019
183930
183939
184049
184050
183945
183997
183955
184206
184226
183994
183961
184398
183960
183943
184001
184073
184049
183884
184264
183890
183954
184001
183964
184165
183881
184358
184056
184016
184123
184043
184129
183957
184506
184236
184034
184389
183997
184138
184132
184166
184646
183936
184191
184102
184196
184224
184089
184010
183958
183878
184178
184077
183979
184007
183952
183982
183863
184086
184003
183955
184181
184203
184101
183924
184046
183891
184251
184285
184181
184126
184169
184114
183915
184043
184076
183961
183765
183912
184144
184331
184432
184053
183823
184236
183740
184111
183882
184166
183912
184288
183869
184148
184111
184242
183808
184117
183961
184386
183908
184095
183988
184368
184095
184260
184159
184111
183850
184306
184061
184012
184037
188181
184043
183997
183829
184267
184371
183845
184438
184068
184015
183694
184209
184043
184337
184450
183951
184209
183921
184166
183820
184113
184049
183761
183903
183896
184077
187096
184004
183973
184472
184053
184129
184557
184245
184411
184096
184193
184116
184392
184276
183973
184279
184184
183988
184337
184052
183985
183872
183878
184040
184166
183787
187377
183964
183997
184028
184246
184010
215800
184068
184031
184148
184230
183762
184120
184340
184324
184184
183859
184325
183798
184389
183994
184270
184037
183992
184532
184285
184007
184285
184166
184196
184018
183952
184162
184355
184448
184187
184019
184193
184313
183673
184402
184190
184110
184107
184429
184407
184059
184107
184114
184010
184123
184282
184270
183881
184009
184205
183930
183998
183894
184349
183988
184093
184212
184022
183967
184037
184025
184248
184242
184153
184209
184248
184031
184050
184099
184049
184236
184245
183888
183918
184315
183835
184138
183817
184395
183924
183948
183850
184267
184223
183909
184156
184402
183915
184056
183991
184518
184184
184306
184270
184187
184187
184065
188130
183875
184028
184367
184010
183906
184279
183801
183899
184172
183982
184264
184001
184318
184435
183704
183888
184153
184276
183854
184098
184377
184019
183774
184297
184117
187182
183771
184239
183713
184205
184007
184120
184147
184105
183747
183958
184052
183933
183970
184160
183955
184120
184159
183823
184132
184166
184083
184288
184034
183930
184343
187090
184172
184175
184389
183955
184089
183783
184141
184297
184080
184254
184316
184419
184202
184242
184416
183793
184052
183875
183789
184477
184009
184162
184310
183719
183906
184159
184159
184260
183915
184028
184059
184389
184016
184251
184410
184141
184297
184111
184003
183937
184168
184337
184199
184181
184395
183801
184114
184098
183906
184108
183992
184093
183872
183835
184242
183753
183989
183805
184199
184426
184395
184126
183829
184242
184142
183793
184279
184209
184111
184227
184648
184512
184044
183937
184386
184012
184343
184300
184178
184083
183961
183823
184181
184428
184013
184475
184108
183786
184031
184395
184361
184248
183960
183948
183998
184071
184059
184236
183979
184297
184032
183875
184257
184083
183878
184120
183807
184646
184490
183933
183737
184371
184071
184046
184593
184062
184141
184202
184181
184187
184414
184129
184123
183857
184077
183805
184205
184084
184331
184092
184019
183857
184301
184330
184557
184352
183939
184370
183688
184178
184138
183964
184321
183963
184420
184475
184224
184074
183814
184203
184040
183890
183973
184212
187606
184117
184022
184071
183946
183902
184252
183930
184058
184530
184135
183945
183945
184018
184454
184224
183964
184065
184062
184083
184477
184142
184272
184099
184202
184260
188304
184043
184477
183912
184465
184398
184330
184267
183737
184080
184306
183894
184481
184101
184132
184154
184355
184098
184040
184126
184101
184102
184377
184034
183985
184270
187020
183814
184276
183988
183777
184398
184521
184071
184070
184050
184098
184487
184178
183894
183979
184193
183771
183890
184154
184087
184203
183891
183951
184145
184101
184138
184003
183985
184270
184058
183845
183946
184105
183869
184249
183985
184303
184420
183695
184260
183893
184052
183967
184631
183701
184095
183909
184083
183893
184203
184306
184031
184202
183884
184071
183887
184047
183940
183949
184184
183784
184282
184022
184126
184031
184043
184125
184043
184325
183979
183859
184086
184169
184052
183957
184254
184297
184389
184359
184184
184172
184303
184119
184188
184362
184398
184316
184444
184178
184450
184364
183918
184034
184300
184122
184239
184536
184138
184181
184162
184355
184420
184370
183881
184304
184046
184089
183903
184122
184166
184034
184162
184007
184230
184202
183826
184114
183970
183946
184211
183700
184178
184135
184425
184240
184125
184322
183998
184383
183844
183905
183872
184190
184371
184288
183780
184364
184530
184258
184420
183924
184215
184095
184205
184086
184180
184628
184046
184120
184132
184061
184089
184099
183668
183970
187262
184196
184508
184230
184331
184135
184233
183955
184059
184132
184288
184240
184276
184148
184071
184006
184007
184120
184022
183887
184205
184197
184334
184343
184324
184003
190553
184346
184248
184236
184120
184004
184000
184159
184105
183982
184122
184141
183936
184365
183900
184230
183967
184190
183755
184055
183951
184160
184147
184138
184242
183893
188237
183826
184016
184246
184447
184282
184523
184166
183765
184364
184437
184187
184370
184077
184542
184022
184044
183942
184414
184016
183955
184077
183856
183753
184230
184377
184046
184150
183969
183679
184349
184059
183989
184132
184016
184108
183989
184566
183884
184215
184001
184047
184563
184114
184395
184282
184472
183826
184196
183863
184416
184306
184453
183954
184175
184227
184071
183716
183780
184151
184367
184184
184065
184120
184365
183832
184153
183988
184392
184166
184521
184327
184034
183875
184196
184212
183799
184019
183949
184187
183979
184337
183783
184135
215145
184040
244208
215093
183854
184276
184059
184151
184154
183881
183998
184031
183967
184230
184049
184405
184153
183743
184398
187445
184068
184163
184123
184049
183750
183995
184016
184092
183906
183951
183845
184499
183949
184395
183903
184331
183946
184217
184086
184187
184163
183963
184117
183946
184120
184212
184013
184408
184046
184359
184221
184267
184303
183661
184116
183967
184003
184092
184062
